tBeforeMeasure,tAfterMeasure,tAfterAlgo,realValue_WU,OFFSET,calibrationFactor,relativeVal_WU,realValue_WU_AngleAdj,realValue_WU_MovAvg,realValue_WU_Filt,realValue,realValueFiltered,correctedValueFiltered,myAx,myAy,myAz,myGx,myGy,myGz,thetadeg,phideg,myTmp,bSync,vccReadBits,vccReadVolts,vccGPIO,vccVolts,ratioVCCMAX,B_DEBUG_MODE,B_SERIALPORT,BF_SERIALPORT,B_WIFI,BF_WIFI,B_BLE,BF_BLE,timeNorm,timeMeasure,timeAlgo,timeTotal,timeSim
916698,917282,917283,-65491,-65471,42,-20,-20.00638,-22.00564,-22.61857,-0.538537,0,0.0,-0.025898,-0.003389,0.982627,-2.29771,-1.236641,-0.480916,1.509744,-0.197588,24.24765,False,1172.3,0.944711,1.032866,3.188508,0,False,True,False,False,True,False,True,0,584,1,585,0.0
917372,917956,917957,-65486,-65471,42,-15,-15.00375,-21.0055,-22.37861,-0.532824,0,0.0,-0.023213,0.002227,0.995566,-2.335878,-2.251908,-0.80916,1.335675,0.12814,24.20059,False,1171.2,0.943824,1.031897,3.185516,0,False,True,False,False,True,False,True,674,584,1,585,674.4508670520231
918046,918631,918632,-65474,-65471,42,-3,-3.0009,-18.29067,-21.84104,-0.520025,0,0.0,-0.025166,-0.003145,0.984824,-2.183206,-1.099237,-0.671756,1.463796,-0.182944,24.24765,False,1173.6,0.945758,1.034011,3.192044,0,False,True,False,False,True,False,True,1348,585,1,586,1348.9017341040462
918721,919305,919306,-65487,-65471,42,-16,-16.00492,-17.43355,-20.45107,-0.48693,0,0.0,-0.025654,0.004668,0.991416,-2.274809,-1.755725,-0.496183,1.482259,0.269768,24.20059,False,1171.2,0.943824,1.031897,3.185516,0,False,True,False,False,True,False,True,2023,584,1,585,2023.3526011560693
919395,919979,919980,-65477,-65471,42,-6,-6.001926,-12.86101,-19.26971,-0.458803,0,0.0,-0.026143,0.001006,0.988975,-2.381679,-0.519084,-0.412214,1.514201,0.058274,24.24765,False,1171.5,0.944066,1.032161,3.186332,0,False,True,False,False,True,False,True,2697,584,1,585,2697.8034682080925
920070,920654,920655,-65449,-65471,42,22,22.00744,-8.145232,-16.7607,-0.399064,0,0.0,-0.026875,-0.005098,0.990928,-2.419847,-0.717557,-0.59542,1.553517,-0.294745,24.24765,False,1172.1,0.944549,1.03269,3.187964,0,False,True,False,False,True,False,True,3372,584,1,585,3372.2543352601156
920744,921328,921329,-65462,-65471,42,9,9.00305,-4.143915,-13.38775,-0.318756,0,0.0,-0.026875,-0.005098,0.989707,-2.48855,0.068702,-0.534351,1.555432,-0.295108,24.10647,False,1171.9,0.944388,1.032514,3.18742,0,False,True,False,False,True,False,True,4046,584,1,585,4046.7052023121387
921418,922003,922004,-65472,-65471,42,-1,-1.00038,-1.428772,-9.768786,-0.23259,0,0.0,-0.028584,0.005156,0.994102,-2.496183,0.274809,-0.335878,1.646979,0.297181,24.20059,False,1172.9,0.945194,1.033395,3.19014,0,False,True,False,False,True,False,True,4720,585,1,586,4721.156069364162
922092,922677,922678,-65492,-65471,42,-21,-21.00929,-2.286706,-6.503671,-0.154849,0,0.0,-0.030537,0.002959,0.984336,-2.396947,0.931298,-1.007634,1.776908,0.172234,24.15353,False,1170.9,0.943582,1.031633,3.1847,0,False,True,False,False,True,False,True,5394,585,1,586,5395.606936416185
922767,923352,923352,-65480,-65471,42,-9,-9.001831,-3.143982,-4.852729,-0.115541,0,0.0,-0.020771,-0.002168,0.987266,-2.442748,0.648855,-0.526718,1.205286,-0.125817,24.20059,False,1172.6,0.944952,1.03313,3.189324,0,False,True,False,False,True,False,True,6069,585,0,585,6070.057803468208
923442,924026,924027,-65488,-65471,42,-17,-17.00656,-3.287073,-4.183755,-0.099613,0,0.0,-0.028584,0.003691,0.986289,-2.625954,1.099237,-0.496183,1.660029,0.214441,24.15353,False,1171.7,0.944227,1.032337,3.186876,0,False,True,False,False,True,False,True,6744,584,1,585,6744.508670520231
924116,924701,924701,-65475,-65471,42,-4,-4.00107,-3.001236,-3.832704,-0.091255,0,0.0,-0.023701,-0.001436,0.982383,-2.51145,0.664122,-0.045802,1.382057,-0.083726,24.29471,False,1171.5,0.944066,1.032161,3.186332,0,False,True,False,False,True,False,True,7418,585,0,585,7418.959537572255
924790,925375,925376,-65466,-65471,42,5,5.00106,-5.430718,-3.507185,-0.083504,0,0.0,-0.02126,-0.003877,0.989951,-2.480916,0.557252,-0.59542,1.230258,-0.224386,24.15353,False,1173.2,0.945436,1.033659,3.190955,0,False,True,False,False,True,False,True,8092,585,1,586,8093.410404624277
925465,926049,926050,-65491,-65471,42,-20,-20.00647,-9.574936,-4.260248,-0.101434,0,0.0,-0.026387,-0.005098,0.994834,-2.480916,0.526718,-0.70229,1.519319,-0.293588,24.10647,False,1175.8,0.947531,1.03595,3.198027,0,False,True,False,False,True,False,True,8767,584,1,585,8767.8612716763
926139,926724,926725,-65491,-65471,42,-20,-20.00378,-12.28971,-6.340949,-0.150975,0,0.0,-0.020039,-0.001436,0.988242,-2.587786,-0.022901,-0.603053,1.161651,-0.083229,24.20059,False,1174.4,0.946403,1.034716,3.19422,0,False,True,False,False,True,False,True,9441,585,1,586,9442.312138728324
926814,927398,927399,-65315,-65471,42,156,156.0911,13.01035,-8.669888,-0.206426,0,0.0,-0.034932,-0.015596,0.979697,-3.129771,-0.290076,-0.603053,2.041784,-0.912007,24.24765,False,1170.9,0.943582,1.031633,3.1847,0,False,True,False,False,True,False,True,10116,584,1,585,10116.763005780347
927488,928073,928073,-62584,-65471,42,2887,2887.675,2887.675,2887.675,68.75417,0,69.0,-0.022236,0.039824,0.985068,-2.0,-1.145038,-1.816794,1.292082,2.31508,24.24765,True,1173.0,0.945275,1.033483,3.190412,0,False,True,False,False,True,False,True,10790,585,0,585,10791.21387283237
928162,928747,928748,-64066,-65471,42,1405,1405.287,1405.287,1405.287,33.45921,0,33.5,-0.020771,0.011504,0.985801,-2.244275,-0.358779,-1.534351,1.206997,0.668587,24.15353,True,1169.9,0.942777,1.030752,3.18198,0,False,True,False,False,True,False,True,11464,585,1,586,11465.664739884392
928837,929421,929422,-48154,-65471,42,17317,17321.84,17321.84,17321.84,412.4247,0,412.5,-0.024434,-0.06125,0.988975,-2.045802,3.59542,1.839695,1.412552,-3.543955,24.20059,True,1171.3,0.943905,1.031985,3.185788,0,False,True,False,False,True,False,True,12139,584,1,585,12140.115606936415
929512,930096,930097,-32902,-65471,42,32569,32616.01,32616.01,32616.01,776.5717,0,776.5,-0.054951,-0.02292,0.979941,1.89313,-25.0916,-1.442748,3.208672,-1.339848,24.24765,True,1173.5,0.945678,1.033923,3.191772,0,False,True,False,False,True,False,True,12814,584,1,585,12814.56647398844
930186,930770,930771,-25041,-65471,42,40430,40494.55,40494.55,40494.55,964.1559,0,964.0,0.057354,-0.013643,0.972617,-3.709924,13.47328,-1.312977,-3.374384,-0.803614,24.15353,True,1172.2,0.94463,1.032778,3.188236,0,False,True,False,False,True,False,True,13488,584,1,585,13489.017341040462
930861,931445,931446,-23706,-65471,42,41765,41861.32,41861.32,41861.32,996.698,0,996.5,-0.070576,0.000273,0.995811,-1.725191,1.870229,-0.541985,4.053941,0.015733,24.15353,True,1173.1,0.945355,1.033571,3.190684,0,False,True,False,False,True,False,True,14163,584,1,585,14163.468208092485
931535,932119,932120,-22763,-65471,42,42708,42759.84,42759.84,42759.84,1018.091,0,1018.0,0.049785,-0.003633,0.968467,-2.022901,-10.08397,-0.793893,-2.942738,-0.21492,24.20059,True,1170.9,0.943582,1.031633,3.1847,0,False,True,False,False,True,False,True,14837,584,1,585,14837.91907514451
932210,932794,932795,-22804,-65471,42,42667,42680.41,42680.41,42680.41,1016.2,0,1016.0,-0.026143,0.000762,0.999473,-3.160305,12.83206,-0.068702,1.498304,0.043666,24.24765,True,1171.2,0.943824,1.031897,3.185516,0,False,True,False,False,True,False,True,15512,584,1,585,15512.369942196532
932884,933468,933469,-22792,-65471,42,42679,42679.32,42679.32,42679.32,1016.174,0,1016.0,-0.003926,0.000273,0.978965,-1.694657,-12.66412,-1.022901,0.229762,0.016003,24.20059,True,1172.0,0.944469,1.032602,3.187692,0,False,True,False,False,True,False,True,16186,584,1,585,16186.820809248555
933558,934143,934143,-22787,-65471,42,42684,42690.71,42680.95,42679.32,1016.174,0,1016.0,0.018047,-0.005342,0.975547,-2.870229,8.931297,-0.19084,-1.059789,-0.31373,24.10647,False,1170.6,0.943341,1.031368,3.183884,0,False,True,False,False,True,False,True,16860,585,0,585,16861.271676300577
934233,934817,934818,-22845,-65471,42,42626,42647.27,42676.37,42679.95,1016.189,0,1016.0,-0.032734,0.0054,0.993369,-2.396947,-4.832061,-0.709924,1.887346,0.311481,24.24765,False,1172.5,0.944872,1.033042,3.189052,0,False,True,False,False,True,False,True,17535,584,1,585,17535.7225433526
934907,935492,935492,-22823,-65471,42,42648,42670.06,42675.05,42678.55,1016.156,0,1016.0,0.032695,-0.010957,0.974326,-2.167939,-0.206107,-0.381679,-1.921819,-0.644305,24.15353,False,1173.5,0.945678,1.033923,3.191772,0,False,True,False,False,True,False,True,18209,585,0,585,18210.173410404623
935582,936166,936167,-22819,-65471,42,42652,42675.86,42674.55,42677.18,1016.123,0,1016.0,-0.034688,-0.000459,0.994102,-2.832061,3.465649,-0.435115,1.998424,-0.026454,24.10647,False,1171.2,0.943824,1.031897,3.185516,0,False,True,False,False,True,False,True,18884,584,1,585,18884.62427745665
936257,936840,936841,-22819,-65471,42,42652,42657.38,42671.42,42676.15,1016.099,0,1016.0,0.016338,-0.000459,0.986777,-1.725191,-6.290076,-0.709924,-0.948547,-0.02665,24.20059,False,1173.0,0.945275,1.033483,3.190412,0,False,True,False,False,True,False,True,19559,583,1,584,19559.07514450867
936931,937515,937516,-22817,-65471,42,42654,42659.85,42668.64,42674.3,1016.055,0,1016.0,-0.017109,0.001738,0.99044,-2.854962,6.839695,-0.549618,0.989655,0.100557,24.20059,False,1172.9,0.945194,1.033395,3.19014,0,False,True,False,False,True,False,True,20233,584,1,585,20233.526011560694
937605,938189,938190,-22834,-65471,42,42637,42637.39,42662.65,42672.08,1016.002,0,1016.0,-0.004414,-0.003633,0.988731,-1.89313,-6.320611,-0.992366,0.255786,-0.210516,24.20059,False,1171.8,0.944308,1.032426,3.187148,0,False,True,False,False,True,False,True,20907,584,1,585,20907.976878612717
938280,938864,938865,-22825,-65471,42,42646,42646.27,42656.3,42668.39,1015.914,0,1016.0,0.003643,0.003691,0.976523,-2.603053,4.229008,-0.465649,-0.213719,0.216585,24.20059,False,1172.6,0.944952,1.03313,3.189324,0,False,True,False,False,True,False,True,21582,584,1,585,21582.42774566474
938954,939538,939539,-22828,-65471,42,42643,42648.01,42656.41,42663.66,1015.801,0,1016.0,-0.015889,0.004668,0.993613,-2.435115,-2.847328,-0.847328,0.916115,0.269171,24.15353,False,1171.9,0.944388,1.032514,3.18742,0,False,True,False,False,True,False,True,22256,584,1,585,22256.878612716762
939629,940213,940213,-22200,-65471,42,43271,43304.39,43304.39,43304.39,1031.057,0,1031.0,0.04002,-0.047822,0.975303,-1.885496,4.694656,1.229008,-2.346874,-2.807144,24.24765,True,1172.4,0.944791,1.032954,3.18878,0,False,True,False,False,True,False,True,22931,584,0,584,22931.329479768785
940303,940887,940888,-9691,-65471,42,55780,55780.22,55780.22,55780.22,1328.1,0,1328.0,0.00291,0.009795,0.994102,-2.015267,-12.27481,-0.450382,-0.16772,0.564518,24.24765,True,1172.3,0.944711,1.032866,3.188508,0,False,True,False,False,True,False,True,23605,584,1,585,23605.780346820808
940977,941562,941562,20702,-65471,42,86173,86449.58,86449.58,86449.58,2058.323,0,2058.0,-0.084248,0.015898,1.007285,-3.687023,-4.740458,-6.641222,4.780415,0.904248,24.15353,True,1172.2,0.94463,1.032778,3.188236,0,False,True,False,False,True,False,True,24279,585,0,585,24280.23121387283
941652,942236,942237,15968,-65471,42,81439,81439.15,81439.15,81439.15,1939.027,0,1939.0,-0.001973,-0.006074,0.992637,-3.931298,13.43511,-0.290076,0.113861,-0.350604,24.15353,True,1171.7,0.944227,1.032337,3.186876,0,False,True,False,False,True,False,True,24954,584,1,585,24954.682080924857
942326,942911,942911,19054,-65471,42,84525,84670.15,84670.15,84670.15,2015.956,0,2016.0,0.059551,-0.003877,0.973838,-1.854962,-2.374046,-0.198473,-3.499279,-0.228099,24.24765,True,1170.7,0.943421,1.031456,3.184156,0,False,True,False,False,True,False,True,25628,585,0,585,25629.13294797688
943001,943585,943586,19626,-65471,42,85097,85097.3,85097.3,85097.3,2026.126,0,2026.0,-0.002705,-0.003145,0.985801,-1.900763,-6.770992,-0.496183,0.15722,-0.182762,24.20059,True,1171.4,0.943985,1.032073,3.18606,0,False,True,False,False,True,False,True,26303,584,1,585,26303.583815028902
943675,944259,944260,19559,-65471,42,85030,85055.41,85055.41,85055.41,2025.129,0,2025.0,-0.025166,0.006133,0.986777,-2.091603,0.587786,-0.419847,1.46088,0.356087,24.24765,True,1171.5,0.944066,1.032161,3.186332,0,False,True,False,False,True,False,True,26977,584,1,585,26978.034682080925
944350,944934,944935,19607,-65471,42,85078,85080.16,85080.16,85080.16,2025.718,0,2026.0,-0.007344,-0.005342,0.987754,-3.053435,3.19084,-0.969466,0.425967,-0.309853,24.29471,True,1172.1,0.944549,1.03269,3.187964,0,False,True,False,False,True,False,True,27652,584,1,585,27652.485549132947
945024,945608,945609,19583,-65471,42,85054,85110.02,85084.43,85080.16,2025.718,0,2026.0,0.037334,-0.0029,0.986045,-2.366412,3.839695,-0.290076,-2.168303,-0.168531,24.24765,False,1172.5,0.944872,1.033042,3.189052,0,False,True,False,False,True,False,True,28326,584,1,585,28326.93641618497
945699,946283,946283,19601,-65471,42,85072,85079.26,85084.3,85081.84,2025.758,0,2026.0,0.013408,-0.006074,0.983848,-1.931298,-8.396947,-0.633588,-0.780781,-0.353735,24.15353,False,1172.8,0.945114,1.033307,3.189868,0,False,True,False,False,True,False,True,29001,584,0,584,29001.387283236993
946373,946957,946958,19601,-65471,42,85072,85095.48,85086.49,85082.8,2025.781,0,2026.0,-0.024189,-0.001436,0.987022,-2.045802,0.916031,-0.671756,1.403892,-0.083332,24.29471,False,1171.8,0.944308,1.032426,3.187148,0,False,True,False,False,True,False,True,29675,584,1,585,29675.83815028902
947047,947631,947632,19603,-65471,42,85074,85074.34,85085.66,85084.25,2025.815,0,2026.0,0.00291,0.00125,0.995078,-3.167939,3.335878,-0.824428,-0.167563,0.071974,24.20059,False,1171.9,0.944388,1.032514,3.18742,0,False,True,False,False,True,False,True,30349,584,1,585,30350.28901734104
947721,948306,948307,19633,-65471,42,85104,85108.16,85089.66,85084.8,2025.829,0,2026.0,0.010234,-0.002656,0.991416,-1.931298,-0.152672,-0.320611,-0.591439,-0.153509,24.24765,False,1171.8,0.944308,1.032426,3.187148,0,False,True,False,False,True,False,True,31023,585,1,586,31024.739884393064
948396,948980,948981,19578,-65471,42,85049,85065.48,85087.56,85086.7,2025.874,0,2026.0,0.020244,0.006621,0.986045,-2.900763,-1.015267,-0.732824,-1.176125,0.384723,24.24765,False,1172.4,0.944791,1.032954,3.18878,0,False,True,False,False,True,False,True,31698,584,1,585,31699.190751445087
949070,949654,949655,19612,-65471,42,85083,85090.44,85089.04,85087.04,2025.882,0,2026.0,-0.013691,0.001738,0.992881,-1.51145,-4.717557,-0.206107,0.790031,0.10031,24.24765,False,1172.8,0.945114,1.033307,3.189868,0,False,True,False,False,True,False,True,32372,584,1,585,32373.64161849711
949745,950329,950329,19585,-65471,42,85056,85057.05,85081.46,85087.82,2025.901,0,2026.0,-0.005146,0.000518,0.99166,-3.152672,5.114504,-0.633588,0.297348,0.029904,24.29471,False,1172.7,0.945033,1.033218,3.189595,0,False,True,False,False,True,False,True,33047,584,0,584,33048.09248554913
950419,951003,951004,19606,-65471,42,85077,85105.46,85085.2,85085.33,2025.841,0,2026.0,0.026592,-0.009248,0.985557,-2.19084,-0.80916,-0.557252,-1.545479,-0.537622,24.20059,False,1171.2,0.943824,1.031897,3.185516,0,False,True,False,False,True,False,True,33721,584,1,585,33722.543352601155
951093,951677,951678,19571,-65471,42,85042,85042.04,85077.57,85085.28,2025.84,0,2026.0,-0.000996,0.005645,0.986045,-2.503817,-1.916031,-0.793893,0.057879,0.327981,24.24765,False,1170.2,0.943018,1.031016,3.182796,0,False,True,False,False,True,False,True,34395,584,1,585,34396.99421965318
951768,952352,952352,19577,-65471,42,85048,85048.4,85073.87,85082.26,2025.768,0,2026.0,0.003154,0.001738,0.987022,-2.335878,0.236641,-0.435115,-0.183103,0.100905,24.20059,False,1172.0,0.944469,1.032602,3.187692,0,False,True,False,False,True,False,True,35070,584,0,584,35071.4450867052
952442,953026,953027,19573,-65471,42,85044,85045.84,85064.96,85078.97,2025.69,0,2025.5,-0.006855,0.002471,0.997275,-2.381679,-1.557252,-0.335878,0.393854,0.141947,24.20059,False,1172.0,0.944469,1.032602,3.187692,0,False,True,False,False,True,False,True,35744,584,1,585,35745.89595375722
953116,953700,953701,19543,-65471,42,85014,85018.88,85058.31,85073.48,2025.559,0,2025.5,0.010967,0.001494,0.980918,-2.938931,4.076336,-0.427481,-0.640546,0.087273,24.15353,False,1171.8,0.944308,1.032426,3.187148,0,False,True,False,False,True,False,True,36418,584,1,585,36420.346820809245
953791,954375,954376,19550,-65471,42,85021,85027.67,85049.35,85067.55,2025.418,0,2025.5,0.01292,-0.005098,0.988975,-2.083969,-3.992366,-0.465649,-0.748455,-0.295327,24.24765,False,1171.9,0.944388,1.032514,3.18742,0,False,True,False,False,True,False,True,37093,584,1,585,37094.79768786127
954465,955049,955050,19576,-65471,42,85047,85051.72,85048.59,85060.42,2025.248,0,2025.0,-0.010762,0.002959,0.979209,-2.526718,0.206107,-0.931298,0.629663,0.173136,24.24765,False,1172.2,0.94463,1.032778,3.188236,0,False,True,False,False,True,False,True,37767,584,1,585,37769.2485549133
955140,955724,955725,19579,-65471,42,85050,85053.85,85041.21,85055.79,2025.138,0,2025.0,0.009746,0.001494,0.981406,-2.625954,0.969466,-0.450382,-0.568969,0.08723,24.24765,False,1172.1,0.944549,1.03269,3.187964,0,False,True,False,False,True,False,True,38442,584,1,585,38443.69942196532
955814,956398,956399,19592,-65471,42,85063,85063.04,85044.21,85050.08,2025.002,0,2025.0,-0.000996,0.005889,0.984092,-2.274809,-0.870229,-0.48855,0.057993,0.342845,24.29471,False,1171.7,0.944227,1.032337,3.186876,0,False,True,False,False,True,False,True,39116,584,1,585,39118.15028901734
956489,957073,957073,19467,-65471,42,84938,85037.04,85042.59,85047.78,2024.947,0,2025.0,0.050762,-0.000703,1.007529,-3.290076,-7.969466,1.320611,-2.884251,-0.039985,24.20059,False,1172.0,0.944469,1.032602,3.187692,0,False,True,False,False,True,False,True,39791,584,0,584,39792.601156069366
957163,957747,957748,37286,-65471,42,102757,102888.1,102888.1,102888.1,2449.717,0,2450.0,-0.05373,0.036895,1.01876,6.38168,-26.49618,0.496183,3.017062,2.074064,24.20059,True,1171.8,0.944308,1.032426,3.187148,0,False,True,False,False,True,False,True,40465,584,1,585,40467.05202312139
957837,958422,958422,60965,-65471,42,126436,126600.9,126600.9,126600.9,3014.307,0,3014.0,0.052227,-0.03708,0.979453,4.633588,-10.83206,2.908397,-3.050056,-2.16806,24.20059,True,1172.8,0.945114,1.033307,3.189868,0,False,True,False,False,True,False,True,41139,585,0,585,41141.50289017341
958512,959096,959097,60429,-65471,42,125900,126118.7,126118.7,126118.7,3002.825,0,3003.0,0.060039,0.000273,0.976279,-0.824428,-6.328244,-0.198473,-3.519126,0.016047,24.15353,True,1172.2,0.94463,1.032778,3.188236,0,False,True,False,False,True,False,True,41814,584,1,585,41815.953757225434
959186,959770,959771,61676,-65471,42,127147,127423.9,127423.9,127423.9,3033.902,0,3034.0,0.067363,-0.026826,0.977744,-2.793893,0.167939,-0.763359,-3.939771,-1.571615,24.20059,True,1171.4,0.943985,1.032073,3.18606,0,False,True,False,False,True,False,True,42488,584,1,585,42490.40462427746
959861,960445,960446,62083,-65471,42,127554,127591.7,127591.7,127591.7,3037.898,0,3038.0,0.024883,-0.014619,0.980674,-3.244275,1.984733,-0.816794,-1.453299,-0.854057,24.20059,True,1172.9,0.945194,1.033395,3.19014,0,False,True,False,False,True,False,True,43163,584,1,585,43164.85549132948
960535,961119,961120,61768,-65471,42,127239,127271.1,127271.1,127271.1,3030.264,0,3030.0,0.023174,-0.006807,0.989463,-2.442748,2.427481,-0.648855,-1.341622,-0.394138,24.29471,True,1171.7,0.944227,1.032337,3.186876,0,False,True,False,False,True,False,True,43837,584,1,585,43839.3063583815
961210,961794,961795,61862,-65471,42,127333,127344.9,127281.6,127271.1,3030.264,0,3030.0,0.014141,-0.0029,0.99166,-2.961832,2.335878,-0.717557,-0.816951,-0.167577,24.24765,False,1172.9,0.945194,1.033395,3.19014,0,False,True,False,False,True,False,True,44512,584,1,585,44513.757225433525
961884,962468,962469,61902,-65471,42,127373,127402.3,127300.4,127275.2,3030.362,0,3030.0,0.021953,-0.004854,0.980674,-2.48855,0.603053,-0.633588,-1.282376,-0.283563,24.24765,False,1171.2,0.943824,1.031897,3.185516,0,False,True,False,False,True,False,True,45186,584,1,585,45188.20809248555
962559,963143,963144,61845,-65471,42,127316,127332.1,127309.1,127285.1,3030.596,0,3030.5,0.016338,-0.000703,0.986289,-2.763359,1.419847,-0.59542,-0.949016,-0.040846,24.20059,False,1172.0,0.944469,1.032602,3.187692,0,False,True,False,False,True,False,True,45861,584,1,585,45862.65895953757
963233,963817,963818,61856,-65471,42,127327,127358.3,127321.5,127294.5,3030.821,0,3031.0,0.022686,-0.000215,0.981406,-2.183206,0.167939,-0.587786,-1.324173,-0.012543,24.29471,False,1172.5,0.944872,1.033042,3.189052,0,False,True,False,False,True,False,True,46535,584,1,585,46537.10982658959
963908,964492,964493,61871,-65471,42,127342,127361.1,127334.4,127305.1,3031.073,0,3031.0,0.017803,-0.003145,0.986533,-2.572519,0.717557,-0.709924,-1.033826,-0.182627,24.24765,False,1172.5,0.944872,1.033042,3.189052,0,False,True,False,False,True,False,True,47210,584,1,585,47211.560693641615
964583,965166,965167,61856,-65471,42,127327,127353.1,127346.1,127316.5,3031.346,0,3031.0,0.020732,-0.000947,0.981162,-2.564885,0.343511,-0.59542,-1.210503,-0.055316,24.24765,False,1171.2,0.943824,1.031897,3.185516,0,False,True,False,False,True,False,True,47885,583,1,584,47886.01156069364
965257,965841,965841,61872,-65471,42,127343,127357.3,127358.4,127328.1,3031.622,0,3031.5,0.015361,0.001006,0.982871,-2.557252,-0.519084,-0.526718,-0.895402,0.058636,24.20059,False,1172.3,0.944711,1.032866,3.188508,0,False,True,False,False,True,False,True,48559,584,0,584,48560.46242774566
965931,966515,966516,61847,-65471,42,127318,127337.3,127357.4,127340.0,3031.905,0,3032.0,0.018047,-0.007539,0.994834,-2.526718,0.343511,-0.534351,-1.039233,-0.43419,24.15353,False,1172.4,0.944791,1.032954,3.18878,0,False,True,False,False,True,False,True,49233,584,1,585,49234.91329479769
966605,967189,967190,61894,-65471,42,127365,127377.2,127353.8,127346.8,3032.066,0,3032.0,0.014385,-0.005586,0.996055,-2.335878,-1.099237,-0.541985,-0.827378,-0.321314,24.20059,False,1172.7,0.945033,1.033218,3.189595,0,False,True,False,False,True,False,True,49907,584,1,585,49909.36416184971
967280,967864,967865,61873,-65471,42,127344,127361.5,127358.0,127349.5,3032.131,0,3032.0,0.01707,-0.005342,0.987998,-2.931298,-0.274809,-0.480916,-0.989823,-0.309777,24.20059,False,1171.9,0.944388,1.032514,3.18742,0,False,True,False,False,True,False,True,50582,584,1,585,50583.815028901736
967954,968538,968539,61842,-65471,42,127313,127347.2,127356.4,127352.8,3032.21,0,3032.0,0.023906,0.001006,0.988486,-2.648855,-0.59542,-0.755725,-1.385407,0.058303,24.20059,False,1171.3,0.943905,1.031985,3.185788,0,False,True,False,False,True,False,True,51256,584,1,585,51258.26589595376
968629,969213,969213,61876,-65471,42,127347,127350.4,127354.9,127354.2,3032.243,0,3032.0,0.007549,-0.003877,0.98458,-2.358779,-0.748092,-0.396947,-0.439277,-0.22561,24.15353,False,1173.1,0.945355,1.033571,3.190684,0,False,True,False,False,True,False,True,51931,584,0,584,51932.71676300578
969303,969887,969888,61844,-65471,42,127315,127324.3,127350.8,127354.5,3032.25,0,3032.0,0.012432,-0.001191,0.987266,-2.312977,-0.328244,-0.549618,-0.721428,-0.069143,24.20059,False,1172.9,0.945194,1.033395,3.19014,0,False,True,False,False,True,False,True,52605,584,1,585,52607.167630057804
969978,970562,970562,61875,-65471,42,127346,127355.0,127350.4,127353.0,3032.215,0,3032.0,0.012188,-0.000215,0.98043,-2.351145,-1.580153,-0.755725,-0.712193,-0.012555,24.29471,False,1171.9,0.944388,1.032514,3.18742,0,False,True,False,False,True,False,True,53280,584,0,584,53281.61849710983
970652,971236,971237,61852,-65471,42,127323,127331.1,127349.6,127352.0,3032.19,0,3032.0,0.011699,0.00418,0.993125,-2.244275,-0.061069,-0.832061,-0.674917,0.241134,24.20059,False,1172.4,0.944791,1.032954,3.18878,0,False,True,False,False,True,False,True,53954,584,1,585,53956.06936416185
971326,971911,971911,61872,-65471,42,127343,127362.2,127347.4,127351.0,3032.168,0,3032.0,0.017803,0.002715,0.983115,-2.282443,-1.198473,-0.450382,-1.03742,0.15822,24.20059,False,1172.8,0.945114,1.033307,3.189868,0,False,True,False,False,True,False,True,54628,585,0,585,54630.52023121387
972001,972585,972586,61908,-65471,42,127379,127383.3,127350.5,127349.6,3032.134,0,3032.0,0.008525,0.003936,0.989951,-2.267176,-0.80916,-0.564886,-0.49341,0.227777,24.24765,False,1175.5,0.947289,1.035685,3.197211,0,False,True,False,False,True,False,True,55303,584,1,585,55304.971098265894
972675,973260,973260,61048,-65471,42,126519,126528.2,126528.2,126528.2,3012.576,0,3012.5,-0.012715,0.059355,1.009482,3.175573,-18.9771,0.839695,0.72038,3.364991,24.20059,True,1170.9,0.943582,1.031633,3.1847,0,False,True,False,False,True,False,True,55977,585,0,585,55979.42196531792
973350,973934,973935,70248,-65471,42,135719,135782.9,135782.9,135782.9,3232.926,0,3233.0,0.03123,0.02542,0.975547,2.022901,-16.0916,-3.618321,-1.832974,1.492621,24.10647,True,1171.1,0.943744,1.031809,3.185244,0,False,True,False,False,True,False,True,56652,584,1,585,56653.87283236994
974024,974609,974609,89762,-65471,42,155233,155654.9,155654.9,155654.9,3706.069,0,3706.0,-0.075215,-0.053438,0.976035,7.549618,3.236641,7.183206,4.400023,-3.133783,24.20059,True,1171.4,0.943985,1.032073,3.18606,0,False,True,False,False,True,False,True,57326,585,0,585,57328.32369942196
974699,975283,975284,107467,-65471,42,172938,173125.3,173125.3,173125.3,4122.03,0,4122.0,-0.048359,0.006865,0.996055,-0.51145,-4.251908,0.259542,2.779508,0.3949,24.20059,True,1171.4,0.943985,1.032073,3.18606,0,False,True,False,False,True,False,True,58001,584,1,585,58002.774566473985
975373,975957,975958,106327,-65471,42,171798,171805.8,171805.8,171805.8,4090.613,0,4090.5,0.009746,-0.006807,0.984092,-1.793893,-1.496183,-0.366412,-0.567403,-0.396289,24.24765,True,1171.7,0.944227,1.032337,3.186876,0,False,True,False,False,True,False,True,58675,584,1,585,58677.22543352601
976048,976632,976633,104136,-65471,42,169607,169649.5,169649.5,169649.5,4039.275,0,4039.0,0.02293,-0.004609,0.981406,-2.267176,-1.725191,-0.59542,-1.338404,-0.269099,24.15353,True,1170.8,0.943502,1.031544,3.184428,0,False,True,False,False,True,False,True,59350,584,1,585,59351.67630057804
976722,977306,977307,104205,-65471,42,169676,169693.0,169693.0,169693.0,4040.31,0,4040.0,0.014629,-0.004121,0.990195,-2.541985,-1.198473,-0.801527,-0.846403,-0.238457,24.20059,True,1172.9,0.945194,1.033395,3.19014,0,False,True,False,False,True,False,True,60024,584,1,585,60026.12716763006
977396,977981,977981,104229,-65471,42,169700,169750.4,169750.4,169750.4,4041.676,0,4041.5,0.025127,-0.007783,0.988486,-2.374046,-0.442748,-0.641221,-1.456075,-0.451129,24.24765,True,1172.4,0.944791,1.032954,3.18878,0,False,True,False,False,True,False,True,60698,585,0,585,60700.57803468208
978071,978655,978656,104226,-65471,42,169697,169724.4,169746.7,169750.4,4041.676,0,4041.5,0.018535,0.000518,0.988486,-2.412214,-0.435115,-0.51145,-1.074227,0.03,24.20059,False,1172.0,0.944469,1.032602,3.187692,0,False,True,False,False,True,False,True,61373,584,1,585,61375.028901734106
978745,979329,979330,104202,-65471,42,169673,169707.5,169740.5,169748.9,4041.641,0,4041.5,0.020732,-0.006318,0.985801,-2.236641,0.366412,-0.526718,-1.204785,-0.367224,24.24765,False,1173.2,0.945436,1.033659,3.190955,0,False,True,False,False,True,False,True,62047,584,1,585,62049.47976878613
979420,980004,980005,104200,-65471,42,169671,169685.7,169731.3,169745.7,4041.563,0,4041.5,0.013408,-0.004854,0.978232,-2.633588,0.152672,-0.793893,-0.785267,-0.284271,24.20059,False,1172.7,0.945033,1.033218,3.189595,0,False,True,False,False,True,False,True,62722,584,1,585,62723.93063583815
980095,980678,980679,104189,-65471,42,169660,169679.0,169721.1,169740.0,4041.429,0,4041.5,0.015361,-0.002412,0.983115,-2.557252,0.564886,-0.648855,-0.895178,-0.140577,24.29471,False,1172.8,0.945114,1.033307,3.189868,0,False,True,False,False,True,False,True,63397,583,1,584,63398.38150289017
980769,981353,981354,104196,-65471,42,169667,169687.7,169712.1,169732.6,4041.253,0,4041.0,0.016094,-0.001436,0.988242,-2.587786,0.358779,-0.564886,-0.932989,-0.083229,24.29471,False,1170.0,0.942857,1.03084,3.182252,0,False,True,False,False,True,False,True,64071,584,1,585,64072.832369942196
981443,982027,982028,104195,-65471,42,169666,169668.5,169700.5,169724.6,4041.062,0,4041.0,0.005596,-0.0029,0.996299,-2.40458,0.206107,-0.587786,-0.321796,-0.166797,24.15353,False,1172.8,0.945114,1.033307,3.189868,0,False,True,False,False,True,False,True,64745,584,1,585,64747.28323699422
982118,982702,982703,104227,-65471,42,169698,169701.7,169693.5,169715.2,4040.837,0,4041.0,0.006816,0.000273,0.992637,-2.641221,0.389313,-0.572519,-0.393441,0.015783,24.20059,False,1172.1,0.944549,1.03269,3.187964,0,False,True,False,False,True,False,True,65420,584,1,585,65421.73410404624
982792,983376,983377,104222,-65471,42,169693,169700.9,169690.1,169706.7,4040.635,0,4040.5,0.00999,0.004424,0.99166,-2.29771,-0.206107,-0.427481,-0.577185,0.255596,24.24765,False,1170.7,0.943421,1.031456,3.184156,0,False,True,False,False,True,False,True,66094,584,1,585,66096.18497109826
983467,984051,984052,104217,-65471,42,169688,169698.5,169688.8,169700.2,4040.481,0,4040.5,0.011455,0.003936,0.987266,-2.48855,0.137405,-0.519084,-0.664757,0.228397,24.24765,False,1172.9,0.945194,1.033395,3.19014,0,False,True,False,False,True,False,True,66769,584,1,585,66770.6358381503
984141,984726,984726,104212,-65471,42,169683,169684.2,169688.6,169695.8,4040.375,0,4040.0,0.003887,-0.007295,0.991904,-2.458015,-0.625954,-0.580153,-0.224502,-0.421371,24.29471,False,1171.5,0.944066,1.032161,3.186332,0,False,True,False,False,True,False,True,67443,585,0,585,67445.08670520231
984816,985400,985401,104203,-65471,42,169674,169679.2,169688.7,169693.0,4040.309,0,4040.0,0.008037,-0.002412,0.987266,-2.419847,-0.21374,-0.603053,-0.466419,-0.139986,24.24765,False,1170.6,0.943341,1.031368,3.183884,0,False,True,False,False,True,False,True,68118,584,1,585,68119.53757225434
985490,986075,986075,104213,-65471,42,169684,169690.8,169689.1,169691.3,4040.269,0,4040.0,0.009258,0.00125,0.990195,-2.206107,-0.473282,-0.648855,-0.535669,0.072329,24.20059,False,1171.4,0.943985,1.032073,3.18606,0,False,True,False,False,True,False,True,68792,585,0,585,68793.98843930635
986165,986749,986750,104210,-65471,42,169681,169684.7,169691.4,169690.4,4040.249,0,4040.0,0.006816,-0.0029,0.987266,-2.648855,-0.778626,-0.534351,-0.39558,-0.168323,24.20059,False,1173.9,0.946,1.034276,3.19286,0,False,True,False,False,True,False,True,69467,584,1,585,69468.43930635838
986839,987424,987424,104213,-65471,42,169684,169693.3,169690.2,169690.8,4040.257,0,4040.0,0.010723,-0.002412,0.982871,-2.29771,-0.045802,-0.572519,-0.625042,-0.140612,24.20059,False,1171.5,0.944066,1.032161,3.186332,0,False,True,False,False,True,False,True,70141,585,0,585,70142.8901734104
987514,988098,988099,104229,-65471,42,169700,169707.4,169691.2,169690.6,4040.252,0,4040.0,0.009746,0.009063,0.998252,-2.435115,-0.679389,-0.51145,-0.559346,0.520137,24.24765,False,1170.4,0.94318,1.031192,3.18334,0,False,True,False,False,True,False,True,70816,584,1,585,70817.34104046243
988189,988773,988774,104207,-65471,42,169678,169693.5,169690.5,169690.8,4040.257,0,4040.0,0.013896,-0.000947,0.984092,-2.480916,-0.022901,-0.572519,-0.809025,-0.055152,24.34176,False,1171.9,0.944388,1.032514,3.18742,0,False,True,False,False,True,False,True,71491,584,1,585,71491.79190751445
988863,989447,989448,104216,-65471,42,169687,169696.8,169692.3,169690.7,4040.254,0,4040.0,0.010967,-0.007051,0.9775,-2.465649,-0.320611,-0.755725,-0.642769,-0.413271,24.20059,False,1171.1,0.943744,1.031809,3.185244,0,False,True,False,False,True,False,True,72165,584,1,585,72166.24277456648
989538,990122,990123,104225,-65471,42,169696,169707.0,169696.2,169691.3,4040.269,0,4040.0,0.011699,-0.009004,0.985313,-2.244275,-0.259542,-0.343511,-0.680246,-0.52356,24.20059,False,1172.6,0.944952,1.03313,3.189324,0,False,True,False,False,True,False,True,72840,584,1,585,72840.69364161849
990212,990796,990797,104202,-65471,42,169673,169690.7,169696.2,169693.2,4040.315,0,4040.0,0.014873,-0.006807,0.986289,-2.541985,0.221374,-0.641221,-0.863921,-0.395406,24.20059,False,1172.7,0.945033,1.033218,3.189595,0,False,True,False,False,True,False,True,73514,584,1,585,73515.14450867052
990887,991471,991472,104207,-65471,42,169678,169680.5,169695.6,169694.4,4040.343,0,4040.0,0.005596,-0.001191,0.980918,-2.40458,-0.51145,-0.572519,-0.326843,-0.06959,24.24765,False,1170.6,0.943341,1.031368,3.183884,0,False,True,False,False,True,False,True,74189,584,1,585,74189.59537572254
991561,992145,992146,104209,-65471,42,169680,169685.5,169694.5,169694.9,4040.354,0,4040.0,0.008281,-0.003877,0.98751,-2.496183,0.129771,-0.412214,-0.480466,-0.224941,24.24765,False,1171.7,0.944227,1.032337,3.186876,0,False,True,False,False,True,False,True,74863,584,1,585,74864.04624277457
992236,992820,992821,104200,-65471,42,169671,169688.0,169691.7,169694.7,4040.35,0,4040.0,0.014629,-0.002412,0.990928,-2.389313,-0.396947,-0.534351,-0.845782,-0.139468,24.20059,False,1171.7,0.944227,1.032337,3.186876,0,False,True,False,False,True,False,True,75538,584,1,585,75538.4971098266
992911,993495,993495,104196,-65471,42,169667,169688.3,169691.0,169693.5,4040.323,0,4040.0,0.016338,0.005156,0.98751,-2.007634,0.175573,-0.526718,-0.94783,0.299165,24.24765,False,1171.3,0.943905,1.031985,3.185788,0,False,True,False,False,True,False,True,76213,584,0,584,76212.94797687861
993585,994169,994170,95593,-65471,42,161064,161090.2,161090.2,161090.2,3835.481,0,3835.5,-0.019063,0.001982,1.0129,-0.480916,-10.59542,0.816794,1.078159,0.112137,24.24765,True,1171.2,0.943824,1.031897,3.185516,0,False,True,False,False,True,False,True,76887,584,1,585,76887.39884393064
994259,994844,994844,97219,-65471,42,162690,163202.8,163202.8,163202.8,3885.781,0,3886.0,-0.081074,-0.049775,0.977012,-3.114504,5.587786,-4.030534,4.737513,-2.916495,24.20059,True,1171.2,0.943824,1.031897,3.185516,0,False,True,False,False,True,False,True,77561,585,0,585,77561.84971098266
994934,995518,995519,101521,-65471,42,166992,167458.7,167458.7,167458.7,3987.112,0,3987.0,-0.079121,-0.060762,1.012168,10.21374,-1.267176,12.83206,4.461708,-3.435407,24.10647,True,1171.6,0.944147,1.032249,3.186604,0,False,True,False,False,True,False,True,78236,584,1,585,78236.30057803469
995609,996193,996193,98575,-65471,42,164046,166375.3,166375.3,166375.3,3961.315,0,3961.0,-0.186299,-0.133516,1.019248,-12.29008,4.709924,-1.572519,10.27233,-7.462907,24.20059,True,1172.5,0.944872,1.033042,3.189052,0,False,True,False,False,True,False,True,78911,584,0,584,78910.7514450867
996283,996867,996868,128638,-65471,42,194109,194146.7,194146.7,194146.7,4622.54,0,4622.5,-0.020527,0.017852,0.998496,4.610687,6.793893,1.854962,1.177545,1.024248,24.10647,True,1173.0,0.945275,1.033483,3.190412,0,False,True,False,False,True,False,True,79585,584,1,585,79585.20231213873
996957,997542,997542,149196,-65471,42,214667,214697.5,214697.5,214697.5,5111.845,0,5112.0,-0.017598,0.015898,1.001182,-3.534351,0.061069,-1.29771,1.006849,0.90976,24.29471,True,1169.7,0.942615,1.030575,3.181436,0,False,True,False,False,True,False,True,80259,585,0,585,80259.65317919075
997632,998216,998217,150182,-65471,42,215653,215694.0,215694.0,215694.0,5135.571,0,5135.5,0.02,0.015166,0.983604,-2.358779,1.633588,-0.083969,-1.164716,0.883362,24.15353,True,1171.6,0.944147,1.032249,3.186604,0,False,True,False,False,True,False,True,80934,584,1,585,80934.10404624278
998306,998891,998891,148697,-65471,42,214168,214170.6,214170.6,214170.6,5099.3,0,5099.0,0.005107,-0.006318,0.992148,-3.236641,-1.419847,-1.412214,-0.29494,-0.364874,24.15353,True,1172.0,0.944469,1.032602,3.187692,0,False,True,False,False,True,False,True,81608,585,0,585,81608.55491329479
998981,999565,999566,146555,-65471,42,212026,212051.0,212051.0,212051.0,5048.833,0,5049.0,0.01585,0.004424,0.989951,-1.793893,1.732824,-0.175573,-0.917244,0.256037,24.15353,True,1171.2,0.943824,1.031897,3.185516,0,False,True,False,False,True,False,True,82283,584,1,585,82283.00578034682
999655,1000240,1000240,146574,-65471,42,212045,212076.0,212076.0,212076.0,5049.429,0,5049.5,0.017803,0.000762,0.998008,-2.793893,-1.198473,-1.0,-1.021947,0.04373,24.20059,True,1170.8,0.943502,1.031544,3.184428,0,False,True,False,False,True,False,True,82957,585,0,585,82957.45664739884
1000329,1000914,1000915,146552,-65471,42,212023,212032.1,212032.1,212032.1,5048.382,0,5048.0,0.009502,-0.005342,0.985313,-2.206107,0.862595,-0.396947,-0.552511,-0.310621,24.29471,True,1171.9,0.944388,1.032514,3.18742,0,False,True,False,False,True,False,True,83631,585,1,586,83631.90751445087
1001005,1001589,1001589,146526,-65471,42,211997,212023.3,212030.8,212032.1,5048.382,0,5048.0,0.016094,-0.004609,0.979453,-2.687023,-0.618321,-1.0,-0.94135,-0.269635,24.24765,False,1172.1,0.944549,1.03269,3.187964,0,False,True,False,False,True,False,True,84307,584,0,584,84306.35838150288
1001679,1002263,1002264,146543,-65471,42,212014,212026.2,212030.0,212031.6,5048.371,0,5048.0,0.010967,-0.003877,0.979697,-2.038168,0.068702,-0.419847,-0.64134,-0.226735,24.20059,False,1172.1,0.944549,1.03269,3.187964,0,False,True,False,False,True,False,True,84981,584,1,585,84980.80924855491
1002354,1002937,1002938,146552,-65471,42,212023,212042.9,212031.5,212030.9,5048.355,0,5048.0,0.014141,0.00125,0.989219,-2.656489,-0.076336,-0.816794,-0.81897,0.0724,24.20059,False,1170.3,0.943099,1.031104,3.183068,0,False,True,False,False,True,False,True,85656,583,1,584,85655.26011560693
1003028,1003612,1003612,146543,-65471,42,212014,212051.0,212034.2,212031.2,5048.361,0,5048.0,0.019268,-0.002168,0.989219,-1.969466,-0.70229,-0.244275,-1.115836,-0.125569,24.24765,False,1171.4,0.943985,1.032073,3.18606,0,False,True,False,False,True,False,True,86330,584,0,584,86329.71098265896
1003702,1004286,1004287,146533,-65471,42,212004,212023.8,212033.0,212032.4,5048.39,0,5048.0,0.014141,-0.001924,0.991904,-2.946565,0.618321,-0.664122,-0.816752,-0.111126,24.20059,False,1173.6,0.945758,1.034011,3.192044,0,False,True,False,False,True,False,True,87004,584,1,585,87004.16184971099
1004377,1004961,1004961,146552,-65471,42,212023,212035.7,212033.5,212032.6,5048.396,0,5048.0,0.011211,0.000762,0.982871,-1.709924,-1.21374,-0.603053,-0.653504,0.044404,24.15353,False,1170.7,0.943421,1.031456,3.184156,0,False,True,False,False,True,False,True,87679,584,0,584,87678.612716763
1005051,1005635,1005636,146531,-65471,42,212002,212030.1,212033.3,212033.0,5048.404,0,5048.5,0.016826,-0.003389,0.990195,-2.923664,0.465649,-0.870229,-0.973513,-0.196078,24.24765,False,1171.9,0.944388,1.032514,3.18742,0,False,True,False,False,True,False,True,88353,584,1,585,88353.06358381503
1005726,1006310,1006310,146548,-65471,42,212019,212042.6,212036.0,212033.1,5048.407,0,5048.5,0.015361,-0.007539,0.986533,-1.992366,-0.587786,-0.427481,-0.892054,-0.437843,24.15353,False,1173.4,0.945597,1.033835,3.1915,0,False,True,False,False,True,False,True,89028,584,0,584,89027.51445086705
1006400,1006984,1006985,146555,-65471,42,212026,212038.6,212037.8,212034.2,5048.434,0,5048.5,0.011211,-0.002168,0.985313,-2.671756,-0.091603,-0.862595,-0.651883,-0.126067,24.15353,False,1171.5,0.944066,1.032161,3.186332,0,False,True,False,False,True,False,True,89702,584,1,585,89701.96531791908
1007075,1007659,1007659,146512,-65471,42,211983,212004.3,212032.3,212035.6,5048.467,0,5048.5,0.014629,-0.005586,0.989219,-2.274809,0.229008,-0.450382,-0.847232,-0.323535,24.15353,False,1172.3,0.944711,1.032866,3.188508,0,False,True,False,False,True,False,True,90377,584,0,584,90376.4161849711
1007750,1008333,1008334,146529,-65471,42,212000,212024.0,212028.4,212034.3,5048.436,0,5048.5,0.015605,-0.003145,0.994102,-2.679389,-0.839695,-0.709924,-0.899352,-0.181236,24.05941,False,1172.4,0.944791,1.032954,3.18878,0,False,True,False,False,True,False,True,91052,583,1,584,91050.86705202312
1008424,1009008,1009008,146523,-65471,42,211994,212012.2,212026.8,212032.0,5048.381,0,5048.0,0.013408,-0.000703,0.982383,-2.251908,0.694657,-0.282443,-0.78196,-0.041008,24.15353,False,1172.6,0.944952,1.03313,3.189324,0,False,True,False,False,True,False,True,91726,584,0,584,91725.31791907514
1009098,1009682,1009683,146526,-65471,42,211997,212029.3,212025.9,212030.0,5048.332,0,5048.0,0.017803,-0.011689,0.978232,-2.763359,-1.221374,-0.839695,-1.042527,-0.684626,24.15353,False,1171.9,0.944388,1.032514,3.18742,0,False,True,False,False,True,False,True,92400,584,1,585,92399.76878612717
1009773,1010357,1010357,146560,-65471,42,212031,212068.1,212031.3,212028.4,5048.294,0,5048.0,0.019268,-0.00168,0.987998,-2.076336,0.564886,-0.694657,-1.117216,-0.097408,24.15353,False,1171.6,0.944147,1.032249,3.186604,0,False,True,False,False,True,False,True,93075,584,0,584,93074.21965317919
1010447,1011031,1011032,146524,-65471,42,211995,212020.0,212028.0,212029.5,5048.321,0,5048.0,0.01585,0.000762,0.988486,-2.694656,-0.480916,-0.572519,-0.918612,0.044152,24.29471,False,1170.8,0.943502,1.031544,3.184428,0,False,True,False,False,True,False,True,93749,584,1,585,93748.67052023122
1011121,1011706,1011706,146547,-65471,42,212018,212031.5,212027.0,212028.9,5048.308,0,5048.0,0.011699,-0.001924,0.995078,-2.198473,-0.198473,-0.625954,-0.673598,-0.110772,24.20059,False,1171.6,0.944147,1.032249,3.186604,0,False,True,False,False,True,False,True,94423,585,0,585,94423.12138728323
1011796,1012380,1012381,146719,-65471,42,212190,213454.0,212234.1,212028.2,5048.29,0,5048.0,0.1096,-0.021943,0.961143,3.236641,4.664122,3.473282,-6.503674,-1.307861,24.29471,False,1173.7,0.945839,1.034099,3.192315,0,False,True,False,False,True,False,True,95098,584,1,585,95097.57225433526
1012470,1013055,1013055,133269,-65471,42,198740,199123.4,199123.4,199123.4,4741.034,0,4741.0,-0.063008,-0.036836,0.971397,-4.259542,3.519084,-2.030534,3.708518,-2.171645,24.15353,True,1171.8,0.944308,1.032426,3.187148,0,False,True,False,False,True,False,True,95772,585,0,585,95772.02312138728
1013145,1013729,1013730,117546,-65471,42,183017,183492.0,183492.0,183492.0,4368.856,0,4369.0,-0.073262,-0.092988,0.969932,-10.12977,8.946565,-2.992366,4.299862,-5.476252,24.10647,True,1171.9,0.944388,1.032514,3.18742,0,False,True,False,False,True,False,True,96447,584,1,585,96446.4739884393
1013819,1014403,1014404,126971,-65471,42,192442,193318.2,193318.2,193318.2,4602.815,0,4603.0,-0.101826,-0.122529,1.014609,-4.61832,3.770992,-7.40458,5.689933,-6.885963,24.15353,True,1172.6,0.944952,1.03313,3.189324,0,False,True,False,False,True,False,True,97121,584,1,585,97120.92485549132
1014494,1015078,1015079,124101,-65471,42,189572,190012.4,190012.4,190012.4,4524.104,0,4524.0,-0.07082,0.01126,0.995566,-3.641221,-2.068702,-7.610687,4.068653,0.647981,24.20059,True,1172.0,0.944469,1.032602,3.187692,0,False,True,False,False,True,False,True,97796,584,1,585,97795.37572254335
1015168,1015752,1015753,127131,-65471,42,192602,193042.2,193042.2,193042.2,4596.242,0,4596.0,0.067852,-0.115205,0.954795,-2.78626,8.534351,5.137404,-4.035652,-6.880005,24.20059,True,1173.4,0.945597,1.033835,3.1915,0,False,True,False,False,True,False,True,98470,584,1,585,98469.82658959538
1015843,1016427,1016428,120357,-65471,42,185828,186593.6,186593.6,186593.6,4442.706,0,4443.0,-0.091816,-0.055391,0.967246,-10.87786,8.442748,-5.816794,5.413758,-3.277531,24.15353,True,1172.5,0.944872,1.033042,3.189052,0,False,True,False,False,True,False,True,99145,584,1,585,99144.2774566474
1016518,1017101,1017102,170191,-65471,42,235662,236255.9,236255.9,236255.9,5625.142,0,5625.0,-0.072773,0.00833,0.982139,2.068702,1.824428,1.328244,4.237535,0.485945,24.20059,True,1172.2,0.94463,1.032778,3.188236,0,False,True,False,False,True,False,True,99820,583,1,584,99818.72832369943
1017191,1017775,1017776,192301,-65471,42,257772,257796.2,257796.2,257796.2,6138.005,0,6138.0,-0.01418,-0.010469,0.991416,-3.885496,2.435115,-1.580153,0.819367,-0.604985,24.20059,True,1171.6,0.944147,1.032249,3.186604,0,False,True,False,False,True,False,True,100493,584,1,585,100493.17919075144
1017866,1018450,1018451,189968,-65471,42,255439,255440.6,255440.6,255440.6,6081.918,0,6082.0,0.003643,0.007598,0.99752,-1.587786,0.122137,-0.167939,-0.209216,0.436387,24.10647,True,1171.5,0.944066,1.032161,3.186332,0,False,True,False,False,True,False,True,101168,584,1,585,101167.63005780347
1018540,1019124,1019125,190553,-65471,42,256024,256026.3,256026.3,256026.3,6095.863,0,6096.0,0.004375,-0.000215,0.996543,-2.946565,-2.015267,-1.061069,-0.251536,-0.012352,24.10647,True,1172.4,0.944791,1.032954,3.18878,0,False,True,False,False,True,False,True,101842,584,1,585,101842.08092485549
1019215,1019798,1019799,190564,-65471,42,256035,256099.8,256099.8,256099.8,6097.613,0,6097.5,0.023174,-0.000947,0.987754,-2.045802,0.618321,-0.503817,-1.343974,-0.054947,24.20059,True,1172.5,0.944872,1.033042,3.189052,0,False,True,False,False,True,False,True,102517,583,1,584,102516.53179190752
1019890,1020473,1020474,190583,-65471,42,256054,256076.9,256076.9,256076.9,6097.07,0,6097.0,0.013652,-0.002656,0.977744,-2.832061,-0.51145,-0.923664,-0.79997,-0.155655,24.10647,True,1174.1,0.946161,1.034452,3.193403,0,False,True,False,False,True,False,True,103192,583,1,584,103190.98265895953
1020563,1021147,1021148,190561,-65471,42,256032,256073.1,256076.4,256076.9,6097.07,0,6097.0,0.018535,-0.000459,0.991416,-2.10687,0.091603,-0.381679,-1.071054,-0.026525,24.20059,False,1173.5,0.945678,1.033923,3.191772,0,False,True,False,False,True,False,True,103865,584,1,585,103865.43352601156
1021238,1021822,1021822,190531,-65471,42,256002,256044.7,256071.8,256076.7,6097.065,0,6097.0,0.018779,0.001494,0.985801,-2.473282,-0.442748,-0.564886,-1.091337,0.086841,24.20059,False,1171.5,0.944066,1.032161,3.186332,0,False,True,False,False,True,False,True,104540,584,0,584,104539.88439306358
1021912,1022496,1022497,190566,-65471,42,256037,256057.8,256069.1,256074.8,6097.02,0,6097.0,0.013164,-0.001924,0.990195,-2.305344,-0.328244,-0.450382,-0.761665,-0.111318,24.20059,False,1173.2,0.945436,1.033659,3.190955,0,False,True,False,False,True,False,True,105214,584,1,585,105214.33526011561
1022587,1023171,1023171,190551,-65471,42,256022,256057.4,256066.3,256072.6,6096.966,0,6097.0,0.01707,0.008574,0.984092,-2.793893,0.099237,-0.977099,-0.993728,0.499194,24.20059,False,1172.0,0.944469,1.032602,3.187692,0,False,True,False,False,True,False,True,105889,584,0,584,105888.78612716762
1023261,1023845,1023846,190565,-65471,42,256036,256059.4,256063.8,256070.1,6096.907,0,6097.0,0.013896,0.004668,0.98458,-2.175573,-0.625954,-0.587786,-0.808615,0.271641,24.10647,False,1172.3,0.944711,1.032866,3.188508,0,False,True,False,False,True,False,True,106563,584,1,585,106563.23699421965
1023936,1024519,1024520,190557,-65471,42,256028,256049.2,256059.8,256067.6,6096.848,0,6097.0,0.013164,-0.003389,0.98043,-2.526718,0.129771,-0.70229,-0.769248,-0.198031,24.20059,False,1173.1,0.945355,1.033571,3.190684,0,False,True,False,False,True,False,True,107238,583,1,584,107237.68786127167
1024610,1025194,1025195,190572,-65471,42,256043,256080.0,256060.3,256064.6,6096.776,0,6097.0,0.017559,0.001494,0.989707,-2.083969,-0.40458,-0.351145,-1.016386,0.086498,24.15353,False,1171.9,0.944388,1.032514,3.18742,0,False,True,False,False,True,False,True,107912,584,1,585,107912.1387283237
1025284,1025868,1025869,190581,-65471,42,256052,256087.3,256062.3,256062.9,6096.735,0,6097.0,0.01707,-0.000703,0.985557,-2.396947,-0.145038,-0.419847,-0.992289,-0.040876,24.20059,False,1173.6,0.945758,1.034011,3.192044,0,False,True,False,False,True,False,True,108586,584,1,585,108586.58959537573
1025959,1026543,1026544,190529,-65471,42,256000,256017.7,256058.4,256062.6,6096.729,0,6097.0,0.011943,-0.003389,0.974326,-2.396947,-0.183206,-0.48855,-0.702295,-0.199271,24.20059,False,1171.6,0.944147,1.032249,3.186604,0,False,True,False,False,True,False,True,109261,584,1,585,109261.04046242774
1026634,1027217,1027218,190557,-65471,42,256028,256040.6,256056.0,256061.0,6096.69,0,6096.5,0.010234,0.002715,0.987266,-2.458015,-0.389313,-0.694657,-0.593925,0.157555,24.24765,False,1172.1,0.944549,1.03269,3.187964,0,False,True,False,False,True,False,True,109936,583,1,584,109935.49132947977
1027308,1027891,1027892,190536,-65471,42,256007,256050.6,256055.0,256059.0,6096.644,0,6096.5,0.019023,0.005645,0.988486,-2.305344,0.229008,-0.648855,-1.102502,0.327171,24.20059,False,1171.2,0.943824,1.031897,3.185516,0,False,True,False,False,True,False,True,110610,583,1,584,110609.94219653179
1027982,1028566,1028567,190545,-65471,42,256016,256048.3,256053.4,256057.5,6096.606,0,6096.5,0.016338,-0.003389,0.985801,-2.381679,-0.709924,-0.801527,-0.949481,-0.196952,24.10647,False,1171.6,0.944147,1.032249,3.186604,0,False,True,False,False,True,False,True,111284,584,1,585,111284.39306358382
1028657,1029240,1029241,190567,-65471,42,256038,256063.8,256055.5,256055.9,6096.568,0,6096.5,0.014629,0.011016,0.987754,-2.374046,0.282443,-0.572519,-0.848449,0.638946,24.10647,False,1172.8,0.945114,1.033307,3.189868,0,False,True,False,False,True,False,True,111959,583,1,584,111958.84393063583
1029331,1029915,1029915,190537,-65471,42,256008,256049.1,256051.0,256055.7,6096.564,0,6096.5,0.018291,0.001982,0.978477,-2.40458,-0.503817,-0.541985,-1.070921,0.116083,24.10647,False,1172.0,0.944469,1.032602,3.187692,0,False,True,False,False,True,False,True,112633,584,0,584,112633.29479768786
1030005,1030589,1030590,190541,-65471,42,256012,256027.1,256042.5,256053.9,6096.521,0,6096.5,0.011211,0.004424,0.989951,-2.541985,-0.114504,-0.419847,-0.648824,0.256037,24.10647,False,1171.7,0.944227,1.032337,3.186876,0,False,True,False,False,True,False,True,113307,584,1,585,113307.74566473988
1030680,1031264,1031264,190535,-65471,42,256006,256073.5,256050.5,256049.4,6096.415,0,6096.5,0.023662,0.004668,0.987998,-2.427481,0.0,-0.59542,-1.371927,0.270701,24.20059,False,1173.3,0.945517,1.033747,3.191228,0,False,True,False,False,True,False,True,113982,584,0,584,113982.19653179191
1031354,1031938,1031939,190560,-65471,42,256031,256046.6,256051.3,256049.8,6096.424,0,6096.5,0.011455,-0.001436,0.993613,-2.419847,-0.396947,-0.748092,-0.660515,-0.082779,24.10647,False,1172.7,0.945033,1.033218,3.189595,0,False,True,False,False,True,False,True,114656,584,1,585,114656.64739884392
1032029,1032613,1032613,190532,-65471,42,256003,256041.2,256050.0,256050.4,6096.438,0,6096.5,0.017803,-0.002168,0.988242,-2.442748,0.244275,-0.664122,-1.032041,-0.125693,24.15353,False,1172.2,0.94463,1.032778,3.188236,0,False,True,False,False,True,False,True,115331,584,0,584,115331.09826589595
1032703,1033287,1033288,190561,-65471,42,256032,256047.8,256049.9,256050.2,6096.434,0,6096.5,0.011455,-0.000947,0.988486,-2.618321,-0.664122,-0.541985,-0.663941,-0.054906,24.15353,False,1173.9,0.946,1.034276,3.19286,0,False,True,False,False,True,False,True,116005,584,1,585,116005.54913294797
1033378,1033961,1033962,190556,-65471,42,256027,256050.2,256047.9,256050.1,6096.431,0,6096.5,0.013896,0.000762,0.989951,-2.160305,0.015267,-0.633588,-0.804237,0.044086,24.15353,False,1172.8,0.945114,1.033307,3.189868,0,False,True,False,False,True,False,True,116680,583,1,584,116680.0
