tBeforeMeasure,tAfterMeasure,tAfterAlgo,realValue_WU,realValue,realValueFiltered,correctedValueFiltered,thetadeg,phideg,myTmp,OFFSET,tareButtonFlank,realWeight
1108098.0,1108613.0,1108613.0,318476.0,9003.08984,9002.61719,9002.5,-0.92,-3.45,23.07,-66371.0,0.0,9000
1108890.0,1109406.0,1109406.0,318431.0,9002.03711,9002.80273,9003.0,-0.92,-3.86,23.07,-66371.0,0.0,9000
1109683.0,1110199.0,1110199.0,318468.0,9002.90332,9002.50293,9002.5,-0.92,-3.8,23.07,-66371.0,0.0,9000
1110476.0,1110992.0,1110992.0,318450.0,9002.48145,9002.65918,9002.5,-0.84,-3.97,23.07,-66371.0,0.0,9000
1111269.0,1111784.0,1111784.0,318423.0,9001.85059,9002.58984,9002.5,-2.17,-3.52,23.02,-66371.0,0.0,9000
1112062.0,1112577.0,1112577.0,318463.0,9002.78613,9002.30078,9002.0,-2.5,-3.48,23.07,-66371.0,0.0,9000
1112855.0,1113370.0,1113370.0,318386.0,9000.98437,9002.49023,9002.5,-2.19,-3.24,23.12,-66371.0,0.0,9000
1113648.0,1114163.0,1114163.0,318375.0,9000.72754,9001.90039,9002.0,-3.25,-4.14,22.98,-66371.0,0.0,9000
1114441.0,1114956.0,1114956.0,318229.0,8997.31152,9001.44141,9001.5,-3.35,-4.24,23.12,-66371.0,0.0,9000
1115234.0,1115749.0,1115749.0,318022.0,8992.46875,8999.82422,9000.0,-4.13,-3.92,23.07,-66371.0,0.0,9000
1116027.0,1116542.0,1116542.0,317650.0,8983.7666,8983.7666,8984.0,1.55,-2.93,23.07,-66371.0,0.0,9000
1116819.0,1117335.0,1117335.0,317192.0,8973.05176,8973.05176,8973.0,-4.86,-3.98,23.07,-66371.0,0.0,9000
1117613.0,1118128.0,1118128.0,316704.0,8961.63574,8961.63574,8961.5,-6.96,-4.39,23.02,-66371.0,0.0,9000
1118406.0,1118921.0,1118921.0,316441.0,8955.4834,8955.4834,8955.5,-5.94,-4.67,23.12,-66371.0,0.0,9000
1119199.0,1119714.0,1119714.0,316411.0,8954.78125,8955.4834,8955.5,-6.91,-3.68,23.17,-66371.0,0.0,9000
1119992.0,1120507.0,1120507.0,316102.0,8947.55273,8947.55273,8947.5,-7.55,-3.55,23.07,-66371.0,0.0,9000
1120785.0,1121300.0,1121300.0,315763.0,8939.62207,8939.62207,8939.5,-7.98,-3.82,23.07,-66371.0,0.0,9000
1121578.0,1122093.0,1122093.0,315635.0,8936.62793,8939.62207,8939.5,-7.5,-3.93,23.17,-66371.0,0.0,9000
1122371.0,1122886.0,1122886.0,315305.0,8928.9082,8928.9082,8929.0,-8.28,-4.17,23.07,-66371.0,0.0,9000
1123164.0,1123679.0,1123679.0,314937.0,8920.29883,8920.29883,8920.0,-9.02,-4.25,23.12,-66371.0,0.0,9000
1123957.0,1124472.0,1124472.0,314289.0,8905.13965,8905.13965,8905.0,-9.81,-3.89,23.17,-66371.0,0.0,9000
1124750.0,1125265.0,1125265.0,313573.0,8888.38965,8888.38965,8888.0,-9.08,-3.14,23.12,-66371.0,0.0,9000
1125543.0,1126058.0,1126058.0,312852.0,8871.52246,8871.52246,8871.5,-12.15,-3.38,23.21,-66371.0,0.0,9000
1126337.0,1126851.0,1126851.0,311896.0,8849.1582,8849.1582,8849.0,-11.43,-3.92,23.17,-66371.0,0.0,9000
1127130.0,1127644.0,1127644.0,310941.0,8826.81641,8826.81641,8827.0,-12.43,-3.92,23.02,-66371.0,0.0,9000
1127923.0,1128437.0,1128437.0,310514.0,8816.82715,8816.82715,8817.0,-11.3,-4.36,23.02,-66371.0,0.0,9000
1128716.0,1129230.0,1129230.0,310219.0,8809.92578,8809.92578,8810.0,-11.84,-4.58,23.07,-66371.0,0.0,9000
1129509.0,1130023.0,1130023.0,309598.0,8795.39844,8795.39844,8795.0,-11.64,-4.26,23.07,-66371.0,0.0,9000
1130302.0,1130816.0,1130816.0,309354.0,8789.69043,8789.69043,8789.5,-12.53,-4.19,23.07,-66371.0,0.0,9000
1131095.0,1131609.0,1131609.0,309176.0,8785.52637,8789.69043,8789.5,-11.94,-4.06,23.07,-66371.0,0.0,9000
1131888.0,1132402.0,1132402.0,308962.0,8780.52051,8780.52051,8780.5,-20.07,-7.27,23.17,-66371.0,0.0,9000
1132681.0,1133195.0,1133195.0,308552.0,8770.92871,8770.92871,8771.0,-12.55,-4.66,23.17,-66371.0,0.0,9000
1133474.0,1133988.0,1133988.0,308185.0,8762.34277,8762.34277,8762.0,-12.29,-4.58,23.07,-66371.0,0.0,9000
1134267.0,1134781.0,1134781.0,307938.0,8756.56445,8756.56445,8756.5,-12.74,-4.6,23.12,-66371.0,0.0,9000
1135060.0,1135574.0,1135574.0,307923.0,8756.21387,8756.56445,8756.5,-13.39,-4.34,23.17,-66371.0,0.0,9000
1135853.0,1136367.0,1136367.0,307928.0,8756.33105,8756.42773,8756.5,-12.44,-5.52,23.12,-66371.0,0.0,9000
1136645.0,1137160.0,1137160.0,307880.0,8755.20801,8756.38965,8756.0,-13.75,-4.94,23.07,-66371.0,0.0,9000
1137438.0,1137953.0,1137953.0,307788.0,8753.05566,8755.92676,8756.0,-13.44,-3.9,23.07,-66371.0,0.0,9000
1138231.0,1138746.0,1138746.0,307379.0,8743.4873,8743.4873,8743.5,-11.63,-5.74,23.02,-66371.0,0.0,9000
1139024.0,1139539.0,1139539.0,306665.0,8726.78418,8726.78418,8727.0,-15.01,-4.63,23.07,-66371.0,0.0,9000
1139817.0,1140332.0,1140332.0,306057.0,8712.56055,8712.56055,8712.5,-14.26,-4.01,23.07,-66371.0,0.0,9000
1140611.0,1141125.0,1141125.0,305312.0,8695.13184,8695.13184,8695.0,-14.92,-4.94,23.07,-66371.0,0.0,9000
1141404.0,1141918.0,1141918.0,305236.0,8693.35449,8695.13184,8695.0,-15.72,-5.07,23.21,-66371.0,0.0,9000
1142197.0,1142711.0,1142711.0,304979.0,8687.3418,8687.3418,8687.0,-15.58,-3.89,23.12,-66371.0,0.0,9000
1142990.0,1143504.0,1143504.0,304507.0,8676.2998,8676.2998,8676.0,-16.12,-4.52,23.07,-66371.0,0.0,9000
1143783.0,1144297.0,1144297.0,303548.0,8653.86523,8653.86523,8654.0,-19.56,-4.32,23.12,-66371.0,0.0,9000
1144576.0,1145090.0,1145090.0,302755.0,8635.31348,8635.31348,8635.0,-17.67,-4.12,23.07,-66371.0,0.0,9000
1145369.0,1145883.0,1145883.0,302469.0,8628.62305,8628.62305,8628.5,-16.71,-4.41,23.07,-66371.0,0.0,9000
1146161.0,1146675.0,1146675.0,301994.0,8617.51074,8617.51074,8617.5,-17.86,-4.87,23.07,-66371.0,0.0,9000
1146954.0,1147468.0,1147468.0,301666.0,8609.83789,8609.83789,8610.0,-17.79,-4.24,23.17,-66371.0,0.0,9000
1147747.0,1148261.0,1148261.0,301484.0,8605.58008,8609.83789,8610.0,-17.63,-4.95,23.12,-66371.0,0.0,9000
1148540.0,1149054.0,1149054.0,301121.0,8597.08789,8597.08789,8597.0,-24.4,-3.91,23.21,-66371.0,0.0,9000
1149333.0,1149847.0,1149847.0,299978.0,8570.34863,8570.34863,8570.0,-23.46,-4.57,23.17,-66371.0,0.0,9000
1150126.0,1150640.0,1150640.0,299060.0,8548.87305,8548.87305,8549.0,-19.05,-4.55,23.07,-66371.0,0.0,9000
1150919.0,1151433.0,1151433.0,298219.0,8529.19922,8529.19922,8529.0,-19.79,-4.85,23.21,-66371.0,0.0,9000
1151712.0,1152226.0,1152226.0,297570.0,8514.0166,8514.0166,8514.0,-19.51,-4.52,23.07,-66371.0,0.0,9000
1152505.0,1153019.0,1153019.0,296661.0,8492.75098,8492.75098,8493.0,-23.03,-5.4,23.17,-66371.0,0.0,9000
1153298.0,1153812.0,1153812.0,295833.0,8473.38086,8473.38086,8473.0,-22.28,-3.98,23.07,-66371.0,0.0,9000
1154091.0,1154605.0,1154605.0,294812.0,8449.49609,8449.49609,8449.5,-21.56,-4.75,23.17,-66371.0,0.0,9000
1154884.0,1155398.0,1155398.0,293344.0,8415.15332,8415.15332,8415.0,-21.92,-4.21,23.12,-66371.0,0.0,9000
1155677.0,1156191.0,1156191.0,290186.0,8341.27539,8341.27539,8341.0,-24.61,-4.86,23.21,-66371.0,0.0,9000
1156470.0,1156984.0,1156984.0,287541.0,8279.39844,8279.39844,8279.0,-24.97,-4.67,23.12,-66371.0,0.0,9000
1157263.0,1157777.0,1157777.0,286021.0,8243.83984,8243.83984,8244.0,-25.96,-4.59,23.07,-66371.0,0.0,9000
1158055.0,1158569.0,1158569.0,285026.0,8220.5625,8220.5625,8220.5,-25.87,-4.79,23.12,-66371.0,0.0,9000
1158848.0,1159362.0,1159362.0,283954.0,8195.48437,8195.48437,8195.5,-26.82,-4.95,23.17,-66371.0,0.0,9000
1159641.0,1160155.0,1160155.0,281966.0,8148.97705,8148.97705,8149.0,-26.75,-4.42,23.17,-66371.0,0.0,9000
1160434.0,1160948.0,1160948.0,280360.0,8111.40625,8111.40625,8111.5,-28.3,-5.3,23.12,-66371.0,0.0,9000
1161227.0,1161741.0,1161741.0,278718.0,8072.99365,8072.99365,8073.0,-18.99,-5.06,23.07,-66371.0,0.0,9000
1162020.0,1162534.0,1162534.0,277281.0,8039.37646,8039.37646,8039.0,-27.88,-4.62,23.17,-66371.0,0.0,9000
1162813.0,1163327.0,1163327.0,277080.0,8034.67432,8039.37646,8039.0,-34.27,-5.44,23.12,-66371.0,0.0,9000
1163606.0,1164120.0,1164120.0,276207.0,8014.25146,8014.25146,8014.0,-29.66,-5.13,23.17,-66371.0,0.0,9000
1164399.0,1164913.0,1164913.0,276289.0,8016.16943,8014.25146,8014.0,-30.18,-3.68,23.12,-66371.0,0.0,9000
1165192.0,1165706.0,1165706.0,276378.0,8018.25146,8015.00195,8015.0,-28.52,-4.96,23.17,-66371.0,0.0,9000
1165985.0,1166499.0,1166499.0,276635.0,8024.26416,8024.26416,8024.0,-28.56,-4.96,23.12,-66371.0,0.0,9000
1166778.0,1167292.0,1167292.0,277464.0,8043.65771,8043.65771,8043.5,-27.5,-4.75,23.21,-66371.0,0.0,9000
1167571.0,1168085.0,1168085.0,280832.0,8122.44824,8122.44824,8122.5,-26.76,-5.02,23.17,-66371.0,0.0,9000
1168364.0,1168878.0,1168878.0,283220.0,8178.31299,8178.31299,8178.0,-26.95,-5.58,23.02,-66371.0,0.0,9000
1169157.0,1169671.0,1169671.0,286509.0,8255.25586,8255.25586,8255.0,-25.29,-4.59,23.21,-66371.0,0.0,9000
1169950.0,1170464.0,1170464.0,289679.0,8329.41504,8329.41504,8329.5,-22.55,-5.28,23.21,-66371.0,0.0,9000
1170743.0,1171257.0,1171257.0,291961.0,8382.7998,8382.7998,8383.0,-21.95,-5.75,23.21,-66371.0,0.0,9000
1171536.0,1172050.0,1172050.0,294426.0,8440.46582,8440.46582,8440.5,-18.57,-4.78,23.17,-66371.0,0.0,9000
1172329.0,1172843.0,1172843.0,297365.0,8509.2207,8509.2207,8509.0,-21.02,-5.08,23.17,-66371.0,0.0,9000
1173122.0,1173636.0,1173636.0,299152.0,8551.02539,8551.02539,8551.0,-18.86,-4.55,22.98,-66371.0,0.0,9000
1173915.0,1174429.0,1174429.0,301391.0,8603.4043,8603.4043,8603.5,-20.47,-4.85,23.17,-66371.0,0.0,9000
1174708.0,1175222.0,1175222.0,303944.0,8663.12891,8663.12891,8663.0,-16.37,-4.33,23.07,-66371.0,0.0,9000
1175501.0,1176015.0,1176015.0,306195.0,8715.78906,8715.78906,8716.0,-16.24,-4.29,23.21,-66371.0,0.0,9000
1176294.0,1176808.0,1176808.0,308173.0,8762.0625,8762.0625,8762.0,-15.54,-4.74,23.21,-66371.0,0.0,9000
1177087.0,1177601.0,1177601.0,309767.0,8799.35254,8799.35254,8799.0,-11.9,-4.59,23.21,-66371.0,0.0,9000
1177880.0,1178394.0,1178394.0,311088.0,8830.25586,8830.25586,8830.0,-13.24,-3.7,23.02,-66371.0,0.0,9000
1178673.0,1179187.0,1179187.0,311368.0,8836.80566,8836.80566,8837.0,-13.54,-5.03,23.12,-66371.0,0.0,9000
1179466.0,1179980.0,1179980.0,312214.0,8856.59668,8856.59668,8856.5,-11.79,-3.57,23.12,-66371.0,0.0,9000
1180259.0,1180773.0,1180773.0,312762.0,8869.41699,8869.41699,8869.5,-12.33,-4.41,23.17,-66371.0,0.0,9000
1181052.0,1181566.0,1181566.0,313452.0,8885.55859,8885.55859,8885.5,-10.16,-4.94,23.12,-66371.0,0.0,9000
1181845.0,1182359.0,1182359.0,314494.0,8909.93555,8909.93555,8910.0,-7.99,-3.77,23.17,-66371.0,0.0,9000
1182637.0,1183152.0,1183152.0,315101.0,8924.13574,8924.13574,8924.0,-9.35,-4.91,23.21,-66371.0,0.0,9000
1183430.0,1183945.0,1183945.0,315592.0,8935.62207,8935.62207,8935.5,-6.25,-4.9,23.12,-66371.0,0.0,9000
1184223.0,1184738.0,1184738.0,315926.0,8943.43555,8943.43555,8943.5,-6.93,-3.94,23.17,-66371.0,0.0,9000
1185016.0,1185531.0,1185531.0,316171.0,8949.16699,8949.16699,8949.0,-5.85,-2.52,23.17,-66371.0,0.0,9000
1185809.0,1186324.0,1186324.0,316586.0,8958.87598,8958.87598,8959.0,-5.49,-3.59,23.21,-66371.0,0.0,9000
1186602.0,1187117.0,1187117.0,316824.0,8964.44336,8964.44336,8964.5,-4.78,-4.37,23.17,-66371.0,0.0,9000
