tBeforeMeasure,tAfterMeasure,tAfterAlgo,realValue_WU,realValue,realValueFiltered,correctedValueFiltered,thetadeg,phideg,myTmp,OFFSET,tareButtonFlank,realWeight
10038622.0,10039134.0,10039134.0,147456.0,4998.06982,4998.08936,4998.0,-0.11,-0.33,26.18,-66192.0,0.0,5000
10039415.0,10039928.0,10039928.0,147464.0,4998.25684,4998.08154,4998.0,-0.59,-0.41,26.13,-66192.0,0.0,5000
10040209.0,10040722.0,10040722.0,147471.0,4998.4209,4998.1499,4998.0,-0.15,-0.66,26.18,-66192.0,0.0,5000
10041003.0,10041515.0,10041515.0,147439.0,4997.67236,4998.25586,4998.0,-0.69,-0.38,26.22,-66192.0,0.0,5000
10041796.0,10042309.0,10042309.0,147464.0,4998.25684,4998.02734,4998.0,-0.04,0.1,26.13,-66192.0,0.0,5000
10042589.0,10043102.0,10043102.0,147412.0,4997.04053,4998.11719,4998.0,-0.57,-0.7,26.08,-66192.0,0.0,5000
10043384.0,10043896.0,10043896.0,147463.0,4998.2334,4997.6958,4997.5,-0.21,-0.51,26.13,-66192.0,0.0,5000
10044177.0,10044690.0,10044690.0,147457.0,4998.09326,4997.90625,4998.0,-0.39,-0.28,26.18,-66192.0,0.0,5000
10044971.0,10045483.0,10045483.0,147468.0,4998.35059,4997.97949,4998.0,-0.28,-0.17,26.13,-66192.0,0.0,5000
10045764.0,10046277.0,10046277.0,147442.0,4997.74219,4998.12451,4998.0,-0.46,-0.21,26.13,-66192.0,0.0,5000
10046558.0,10047071.0,10047071.0,147477.0,4998.56104,4997.9751,4998.0,-0.18,-0.35,26.22,-66192.0,0.0,5000
10047352.0,10047864.0,10047864.0,147464.0,4998.25684,4998.20459,4998.0,-0.38,-0.22,26.18,-66192.0,0.0,5000
10048145.0,10048658.0,10048658.0,147462.0,4998.20996,4998.2251,4998.0,-0.31,-0.28,26.13,-66192.0,0.0,5000
10048939.0,10049451.0,10049451.0,147434.0,4997.55518,4998.21924,4998.0,-0.73,-0.96,26.13,-66192.0,0.0,5000
10049732.0,10050245.0,10050245.0,147442.0,4997.74219,4997.95947,4998.0,-0.41,-0.55,26.13,-66192.0,0.0,5000
10050526.0,10051039.0,10051039.0,147456.0,4998.06982,4997.87451,4998.0,-0.55,-0.06,26.13,-66192.0,0.0,5000
10051320.0,10051832.0,10051832.0,147473.0,4998.46777,4997.95068,4998.0,-0.11,-0.32,26.22,-66192.0,0.0,5000
10052113.0,10052626.0,10052626.0,147467.0,4998.32715,4998.15283,4998.0,-0.24,0.01,26.27,-66192.0,0.0,5000
10052906.0,10053419.0,10053419.0,147478.0,4998.58447,4998.22119,4998.0,0.18,-0.53,26.18,-66192.0,0.0,5000
10053700.0,10054213.0,10054213.0,147455.0,4998.04639,4998.36377,4998.0,-0.28,-0.65,26.18,-66192.0,0.0,5000
10054494.0,10055007.0,10055007.0,147469.0,4998.37402,4998.23975,4998.0,-0.35,-0.77,26.22,-66192.0,0.0,5000
10055288.0,10055800.0,10055800.0,147445.0,4997.8125,4998.29248,4998.0,-0.48,-0.45,26.18,-66192.0,0.0,5000
10056081.0,10056594.0,10056594.0,147506.0,4999.23975,4998.10449,4998.0,-0.41,-0.56,26.13,-66192.0,0.0,5000
10056875.0,10057388.0,10057388.0,147465.0,4998.28027,4998.54883,4998.5,-0.79,-0.63,26.22,-66192.0,0.0,5000
10057669.0,10058181.0,10058181.0,147455.0,4998.04639,4998.44385,4998.5,-0.31,-0.42,26.13,-66192.0,0.0,5000
10058462.0,10058975.0,10058975.0,147456.0,4998.06982,4998.28809,4998.0,-0.64,-0.55,26.13,-66192.0,0.0,5000
10059256.0,10059769.0,10059769.0,147461.0,4998.18701,4998.20264,4998.0,-0.33,-0.32,26.13,-66192.0,0.0,5000
10060050.0,10060562.0,10060562.0,147462.0,4998.20996,4998.19629,4998.0,-0.42,-0.36,26.22,-66192.0,0.0,5000
10060843.0,10061356.0,10061356.0,147452.0,4997.97607,4998.20166,4998.0,-0.04,-0.17,26.13,-66192.0,0.0,5000
10061637.0,10062150.0,10062150.0,147479.0,4998.60791,4998.11328,4998.0,-0.01,-0.18,26.13,-66192.0,0.0,5000
10062431.0,10062943.0,10062943.0,147455.0,4998.04639,4998.30713,4998.0,-0.25,-0.1,26.13,-66192.0,0.0,5000
10063224.0,10063737.0,10063737.0,147442.0,4997.74219,4998.20508,4998.0,-0.61,-0.45,26.22,-66192.0,0.0,5000
10064018.0,10064531.0,10064531.0,147450.0,4997.92969,4998.02393,4998.0,-0.46,-0.45,26.22,-66192.0,0.0,5000
10064812.0,10065324.0,10065325.0,147469.0,4998.37402,4997.9873,4998.0,-0.53,-0.01,26.22,-66192.0,0.0,5000
10065606.0,10066118.0,10066118.0,147446.0,4997.83594,4998.13867,4998.0,-0.27,-0.42,26.13,-66192.0,0.0,5000
10066399.0,10066912.0,10066912.0,147453.0,4997.99951,4998.02002,4998.0,-0.4,-0.29,26.13,-66192.0,0.0,5000
10067193.0,10067706.0,10067706.0,147464.0,4998.25684,4998.01172,4998.0,-0.14,-0.43,26.08,-66192.0,0.0,5000
10067987.0,10068499.0,10068499.0,147488.0,4998.81836,4998.10742,4998.0,-0.83,-0.13,26.27,-66192.0,0.0,5000
10068781.0,10069293.0,10069293.0,147479.0,4998.60791,4998.38574,4998.0,-0.46,-0.01,26.13,-66192.0,0.0,5000
10069574.0,10070087.0,10070087.0,147464.0,4998.25684,4998.47266,4998.5,-0.43,-0.27,26.13,-66192.0,0.0,5000
10070368.0,10070881.0,10070881.0,147466.0,4998.30371,4998.38818,4998.0,-0.17,-0.24,26.18,-66192.0,0.0,5000
10071162.0,10071674.0,10071674.0,147445.0,4997.8125,4998.35498,4998.0,-0.88,-0.48,26.22,-66192.0,0.0,5000
10071955.0,10072468.0,10072468.0,147462.0,4998.20996,4998.14258,4998.0,-0.04,-0.86,26.18,-66192.0,0.0,5000
10072749.0,10073262.0,10073262.0,147471.0,4998.4209,4998.16895,4998.0,-0.5,-0.34,26.18,-66192.0,0.0,5000
10073543.0,10074055.0,10074055.0,147470.0,4998.39746,4998.26758,4998.0,-0.28,-0.53,26.22,-66192.0,0.0,5000
10074336.0,10074849.0,10074849.0,147468.0,4998.35059,4998.31836,4998.0,-0.53,0.14,26.18,-66192.0,0.0,5000
10075129.0,10075643.0,10075643.0,147481.0,4998.65479,4998.33105,4998.0,-0.14,-0.39,26.13,-66192.0,0.0,5000
10075924.0,10076437.0,10076437.0,147467.0,4998.32715,4998.45752,4998.5,-0.22,-0.4,26.27,-66192.0,0.0,5000
10076718.0,10077230.0,10077230.0,147476.0,4998.5376,4998.40674,4998.5,-0.08,-0.41,26.13,-66192.0,0.0,5000
10077511.0,10078024.0,10078024.0,147434.0,4997.55518,4998.45801,4998.5,-0.64,-0.57,26.22,-66192.0,0.0,5000
10078305.0,10078818.0,10078818.0,147480.0,4998.63135,4998.10449,4998.0,-0.22,-0.63,26.18,-66192.0,0.0,5000
10079099.0,10079611.0,10079611.0,147477.0,4998.56104,4998.31104,4998.0,-0.38,-0.04,26.18,-66192.0,0.0,5000
10079892.0,10080405.0,10080405.0,147504.0,4999.19287,4998.40869,4998.5,-0.34,-0.35,26.18,-66192.0,0.0,5000
10080686.0,10081199.0,10081199.0,147484.0,4998.7251,4998.71582,4999.0,-0.56,-0.06,26.32,-66192.0,0.0,5000
10081480.0,10081993.0,10081993.0,147459.0,4998.14014,4998.71924,4999.0,-0.17,-0.41,26.22,-66192.0,0.0,5000
10082274.0,10082786.0,10082786.0,147464.0,4998.25684,4998.49268,4998.5,-0.56,-0.93,26.22,-66192.0,0.0,5000
10083067.0,10083580.0,10083580.0,147471.0,4998.4209,4998.40039,4998.5,-0.1,-0.42,26.18,-66192.0,0.0,5000
10083861.0,10084374.0,10084374.0,147472.0,4998.44434,4998.4082,4998.5,-0.43,-0.38,26.22,-66192.0,0.0,5000
10084655.0,10085167.0,10085167.0,147464.0,4998.25684,4998.42236,4998.5,-0.21,-0.37,26.08,-66192.0,0.0,5000
10085448.0,10085961.0,10085961.0,147453.0,4997.99951,4998.35742,4998.0,-0.6,-0.42,26.22,-66192.0,0.0,5000
10086242.0,10086755.0,10086755.0,147484.0,4998.7251,4998.21729,4998.0,-0.17,-0.55,26.18,-66192.0,0.0,5000
10087036.0,10087548.0,10087548.0,147460.0,4998.16357,4998.41602,4998.5,-0.7,-0.53,26.13,-66192.0,0.0,5000
10087830.0,10088342.0,10088342.0,147475.0,4998.51416,4998.31738,4998.0,-0.48,0.31,26.22,-66192.0,0.0,5000
10088622.0,10089136.0,10089136.0,147456.0,4998.06982,4998.39453,4998.0,-0.4,-0.21,26.27,-66192.0,0.0,5000
10089417.0,10089930.0,10089930.0,147479.0,4998.60791,4998.26758,4998.0,-0.21,0.03,26.18,-66192.0,0.0,5000
10090210.0,10090723.0,10090723.0,147448.0,4997.88281,4998.40088,4998.5,-0.25,0.38,26.18,-66192.0,0.0,5000
10091003.0,10091517.0,10091517.0,147480.0,4998.63135,4998.19775,4998.0,-0.25,-0.49,26.22,-66192.0,0.0,5000
10091798.0,10092311.0,10092311.0,147468.0,4998.35059,4998.36768,4998.0,-0.24,-0.32,26.13,-66192.0,0.0,5000
10092592.0,10093104.0,10093104.0,147493.0,4998.93555,4998.36084,4998.0,-0.13,-0.36,26.22,-66192.0,0.0,5000
10093385.0,10093898.0,10093898.0,147469.0,4998.37402,4998.58594,4998.5,-0.53,-0.04,26.08,-66192.0,0.0,5000
10094179.0,10094692.0,10094692.0,147478.0,4998.58447,4998.50293,4998.5,-0.15,-0.27,26.13,-66192.0,0.0,5000
10094973.0,10095485.0,10095485.0,147479.0,4998.60791,4998.53516,4998.5,-0.63,-0.98,26.22,-66192.0,0.0,5000
10095767.0,10096279.0,10096279.0,147489.0,4998.8418,4998.56348,4998.5,-0.22,-0.59,26.22,-66192.0,0.0,5000
10096560.0,10097073.0,10097073.0,147462.0,4998.20996,4998.67236,4998.5,-0.42,-0.42,26.13,-66192.0,0.0,5000
10097354.0,10097867.0,10097867.0,147485.0,4998.74805,4998.49121,4998.5,-0.55,-0.59,26.18,-66192.0,0.0,5000
10098148.0,10098661.0,10098661.0,147459.0,4998.14014,4998.5918,4998.5,-0.38,-0.6,26.22,-66192.0,0.0,5000
10098942.0,10099454.0,10099454.0,147481.0,4998.65479,4998.41504,4998.5,-0.1,-0.46,26.18,-66192.0,0.0,5000
10099736.0,10100248.0,10100248.0,147502.0,4999.146,4998.50879,4998.5,-0.43,-0.36,26.13,-66192.0,0.0,5000
10100529.0,10101042.0,10101042.0,147485.0,4998.74805,4998.7583,4999.0,-0.22,-0.14,26.18,-66192.0,0.0,5000
10101323.0,10101836.0,10101836.0,147453.0,4997.99951,4998.75439,4999.0,-0.45,-0.01,26.18,-66192.0,0.0,5000
10102117.0,10102630.0,10102630.0,147486.0,4998.77148,4998.45898,4998.5,-0.24,-0.86,26.13,-66192.0,0.0,5000
10102911.0,10103424.0,10103424.0,147458.0,4998.1167,4998.58105,4998.5,-0.78,-0.22,26.13,-66192.0,0.0,5000
10103705.0,10104217.0,10104217.0,147469.0,4998.37402,4998.39893,4998.0,-0.15,0.0,26.22,-66192.0,0.0,5000
10104498.0,10105011.0,10105011.0,147452.0,4997.97607,4998.38916,4998.0,-0.57,-0.29,26.22,-66192.0,0.0,5000
10105292.0,10105805.0,10105805.0,147471.0,4998.4209,4998.22754,4998.0,-0.39,-0.28,26.13,-66192.0,0.0,5000
10106086.0,10106599.0,10106599.0,147444.0,4997.78906,4998.30322,4998.0,-0.31,-0.42,26.22,-66192.0,0.0,5000
10106880.0,10107393.0,10107393.0,147460.0,4998.16357,4998.10205,4998.0,-0.31,-0.57,26.18,-66192.0,0.0,5000
10107674.0,10108187.0,10108187.0,147467.0,4998.32715,4998.12646,4998.0,-0.42,0.13,26.18,-66192.0,0.0,5000
10108467.0,10108980.0,10108980.0,147461.0,4998.18701,4998.20508,4998.0,-0.03,-0.46,26.22,-66192.0,0.0,5000
10109261.0,10109774.0,10109774.0,147448.0,4997.88281,4998.19775,4998.0,-0.43,-0.35,26.13,-66192.0,0.0,5000
10110055.0,10110567.0,10110567.0,147480.0,4998.63135,4998.07422,4998.0,-0.39,-0.54,26.22,-66192.0,0.0,5000
10110849.0,10111361.0,10111361.0,147469.0,4998.37402,4998.29248,4998.0,-0.62,-0.18,26.27,-66192.0,0.0,5000
10111642.0,10112155.0,10112155.0,147486.0,4998.77148,4998.32422,4998.0,-0.57,-0.17,26.22,-66192.0,0.0,5000
10112436.0,10112948.0,10112948.0,147448.0,4997.88281,4998.49902,4998.5,-0.93,-0.46,26.18,-66192.0,0.0,5000
10113230.0,10113742.0,10113742.0,147474.0,4998.49072,4998.25781,4998.0,-0.46,-0.35,26.22,-66192.0,0.0,5000
10114023.0,10114536.0,10114536.0,147464.0,4998.25684,4998.34912,4998.0,-0.41,-0.52,26.22,-66192.0,0.0,5000
10114817.0,10115330.0,10115330.0,147462.0,4998.20996,4998.31299,4998.0,-0.17,0.06,26.18,-66192.0,0.0,5000
10115610.0,10116123.0,10116123.0,147475.0,4998.51416,4998.27246,4998.0,-0.87,-0.35,26.18,-66192.0,0.0,5000
10116404.0,10116917.0,10116917.0,147468.0,4998.35059,4998.36719,4998.0,-0.08,-0.32,26.18,-66192.0,0.0,5000
10117198.0,10117711.0,10117711.0,147459.0,4998.14014,4998.36035,4998.0,-0.95,0.15,26.18,-66192.0,0.0,5000
