tBeforeMeasure,tAfterMeasure,tAfterAlgo,realValue_WU,realValue,realValueFiltered,correctedValueFiltered,thetadeg,phideg,myTmp,OFFSET,tareButtonFlank,realWeight
1593831.0,1594354.0,1594354.0,-64420.0,49.74056,50.31501,50.0,-0.07,-2.55,26.88,-66529.0,0.0,50
1594625.0,1595148.0,1595148.0,-64406.0,50.07075,50.09011,50.0,-0.75,-2.62,26.98,-66529.0,0.0,50
1595419.0,1595942.0,1595942.0,-64412.0,49.92924,50.08253,50.0,-0.59,-2.8,26.98,-66529.0,0.0,50
1596213.0,1596736.0,1596736.0,-64437.0,49.33962,50.02252,50.0,-0.24,-2.5,26.93,-66529.0,0.0,50
1597007.0,1597530.0,1597530.0,-64404.0,50.11792,49.75517,50.0,-0.11,-2.45,27.02,-66529.0,0.0,50
1597801.0,1598324.0,1598324.0,-64399.0,50.23585,49.89719,50.0,-0.41,-2.49,27.02,-66529.0,0.0,50
1598595.0,1599118.0,1599118.0,-64403.0,50.14151,50.02977,50.0,-0.31,-2.88,26.98,-66529.0,0.0,50
1599389.0,1599912.0,1599912.0,-64416.0,49.8349,50.07352,50.0,-0.18,-2.89,26.93,-66529.0,0.0,50
1600183.0,1600705.0,1600705.0,-64384.0,50.58962,49.9801,50.0,-0.27,-2.97,26.93,-66529.0,0.0,50
1600976.0,1601499.0,1601499.0,-64399.0,50.23585,50.21873,50.0,-0.49,-2.8,26.88,-66529.0,0.0,50
1601770.0,1602293.0,1602293.0,-64395.0,50.33019,50.22543,50.0,-0.4,-3.01,26.93,-66529.0,0.0,50
1602564.0,1603087.0,1603087.0,-64394.0,50.35377,50.26645,50.0,-0.21,-2.92,27.07,-66529.0,0.0,50
1603358.0,1603881.0,1603881.0,-64393.0,50.37736,50.30063,50.0,-0.43,-2.95,27.02,-66529.0,0.0,50
1604152.0,1604675.0,1604675.0,-64422.0,49.69339,50.33067,50.0,-0.13,-2.58,26.93,-66529.0,0.0,50
1604946.0,1605468.0,1605468.0,-64399.0,50.23585,50.08118,50.0,-0.42,-2.64,26.98,-66529.0,0.0,50
1605739.0,1606262.0,1606262.0,-64402.0,50.16509,50.14173,50.0,-0.68,-2.63,27.02,-66529.0,0.0,50
1606533.0,1607056.0,1607056.0,-64398.0,50.25943,50.15088,50.0,-0.56,-2.7,26.98,-66529.0,0.0,50
1607327.0,1607850.0,1607850.0,-64401.0,50.18868,50.19338,50.0,-0.25,-2.67,26.93,-66529.0,0.0,50
1608121.0,1608643.0,1608643.0,-64401.0,50.18868,50.19154,50.0,-0.35,-2.49,27.02,-66529.0,0.0,50
1608915.0,1609437.0,1609437.0,-64411.0,49.95283,50.19042,50.0,-0.34,-2.38,26.88,-66529.0,0.0,50
1609708.0,1610231.0,1610231.0,-64379.0,50.70755,50.0974,50.0,0.0,-2.41,27.07,-66529.0,0.0,50
1610501.0,1611025.0,1611025.0,-64407.0,50.04717,50.33627,50.0,-0.18,-2.45,27.02,-66529.0,0.0,50
1611296.0,1611819.0,1611819.0,-64399.0,50.23585,50.22309,50.0,-0.3,-2.61,26.98,-66529.0,0.0,50
1612090.0,1612612.0,1612612.0,-64385.0,50.56604,50.22808,50.0,-0.34,-2.8,27.07,-66529.0,0.0,50
1612883.0,1613406.0,1613406.0,-64398.0,50.25943,50.36039,50.0,-0.08,-2.81,26.88,-66529.0,0.0,50
1613677.0,1614200.0,1614200.0,-64419.0,49.76415,50.32087,50.0,-0.06,-2.86,26.88,-66529.0,0.0,50
1614471.0,1614994.0,1614994.0,-64398.0,50.25943,50.10291,50.0,-0.14,-2.17,26.93,-66529.0,0.0,50
1615265.0,1615788.0,1615788.0,-64387.0,50.51887,50.16419,50.0,-0.23,-3.18,26.98,-66529.0,0.0,50
1616059.0,1616581.0,1616581.0,-64402.0,50.16509,50.30305,50.0,-0.28,-2.84,27.02,-66529.0,0.0,50
1616852.0,1617375.0,1617375.0,-64383.0,50.6132,50.24904,50.0,-0.15,-2.82,26.98,-66529.0,0.0,50
1617646.0,1618169.0,1618169.0,-64395.0,50.33019,50.39161,50.0,-0.45,-2.47,27.07,-66529.0,0.0,50
1618440.0,1618963.0,1618963.0,-64388.0,50.49528,50.36756,50.0,-0.22,-1.87,26.98,-66529.0,0.0,50
1619234.0,1619757.0,1619757.0,-64419.0,49.76415,50.41756,50.5,-0.2,-3.01,26.93,-66529.0,0.0,50
1620028.0,1620550.0,1620550.0,-64401.0,50.18868,50.16175,50.0,-0.24,-2.88,27.02,-66529.0,0.0,50
1620821.0,1621344.0,1621344.0,-64378.0,50.73113,50.17229,50.0,-0.46,-3.15,26.88,-66529.0,0.0,50
1621615.0,1622138.0,1622138.0,-64394.0,50.35377,50.39108,50.0,-0.42,-2.6,26.93,-66529.0,0.0,50
1622409.0,1622932.0,1622932.0,-64388.0,50.49528,50.37647,50.0,-0.59,-2.64,26.98,-66529.0,0.0,50
1623203.0,1623726.0,1623726.0,-64402.0,50.16509,50.42299,50.5,-0.49,-2.83,27.02,-66529.0,0.0,50
1623997.0,1624519.0,1624519.0,-64394.0,50.35377,50.32202,50.0,-0.5,-2.65,26.93,-66529.0,0.0,50
1624790.0,1625313.0,1625313.0,-64396.0,50.3066,50.33445,50.0,-0.27,-3.01,26.93,-66529.0,0.0,50
1625584.0,1626107.0,1626107.0,-64414.0,49.88207,50.32355,50.0,-0.01,-2.92,26.98,-66529.0,0.0,50
1626378.0,1626901.0,1626901.0,-64406.0,50.07075,50.15071,50.0,0.08,-2.62,26.93,-66529.0,0.0,50
1627171.0,1627695.0,1627695.0,-64401.0,50.18868,50.11941,50.0,-0.36,-2.68,26.98,-66529.0,0.0,50
1627966.0,1628488.0,1628488.0,-64402.0,50.16509,50.14653,50.0,-0.55,-2.73,26.93,-66529.0,0.0,50
1628759.0,1629282.0,1629282.0,-64442.0,49.22169,50.1538,50.0,-0.27,-2.77,27.07,-66529.0,0.0,50
1629553.0,1630076.0,1630076.0,-64408.0,50.02358,49.78888,50.0,0.01,-2.63,27.02,-66529.0,0.0,50
1630346.0,1630870.0,1630870.0,-64425.0,49.62264,49.88077,50.0,-0.35,-3.07,27.07,-66529.0,0.0,50
1631141.0,1631664.0,1631664.0,-64422.0,49.69339,49.77971,50.0,-0.18,-3.09,26.93,-66529.0,0.0,50
1631935.0,1632458.0,1632458.0,-64419.0,49.76415,49.74591,50.0,-0.25,-2.93,26.98,-66529.0,0.0,50
1632729.0,1633251.0,1633251.0,-64395.0,50.33019,49.75305,50.0,-0.5,-2.98,26.98,-66529.0,0.0,50
1633522.0,1634045.0,1634045.0,-64402.0,50.16509,49.979,50.0,-0.35,-2.94,26.84,-66529.0,0.0,50
1634316.0,1634839.0,1634839.0,-64422.0,49.69339,50.05186,50.0,-0.15,-2.51,26.88,-66529.0,0.0,50
1635110.0,1635633.0,1635633.0,-64415.0,49.85849,49.91152,50.0,0.06,-2.83,27.07,-66529.0,0.0,50
1635903.0,1636427.0,1636427.0,-64400.0,50.21226,49.89076,50.0,-0.27,-2.36,27.02,-66529.0,0.0,50
1636698.0,1637220.0,1637220.0,-64426.0,49.59906,50.01662,50.0,-0.18,-2.61,26.93,-66529.0,0.0,50
1637491.0,1638014.0,1638014.0,-64395.0,50.33019,49.85315,50.0,-0.44,-2.57,26.98,-66529.0,0.0,50
1638285.0,1638808.0,1638808.0,-64394.0,50.35377,50.03991,50.0,-0.24,-2.78,26.93,-66529.0,0.0,50
1639079.0,1639602.0,1639602.0,-64405.0,50.09434,50.16279,50.0,0.01,-3.02,27.07,-66529.0,0.0,50
1639872.0,1640396.0,1640396.0,-64420.0,49.74056,50.13599,50.0,-0.31,-2.95,26.98,-66529.0,0.0,50
1640667.0,1641189.0,1641189.0,-64395.0,50.33019,49.98118,50.0,-0.53,-2.52,26.98,-66529.0,0.0,50
1641460.0,1641983.0,1641983.0,-64427.0,49.57547,50.11782,50.0,-0.04,-2.58,27.07,-66529.0,0.0,50
1642254.0,1642777.0,1642777.0,-64399.0,50.23585,49.90549,50.0,-0.1,-2.58,27.02,-66529.0,0.0,50
1643048.0,1643571.0,1643571.0,-64404.0,50.11792,50.03482,50.0,-0.43,-2.43,26.93,-66529.0,0.0,50
1643842.0,1644365.0,1644365.0,-64398.0,50.25943,50.06736,50.0,-0.29,-2.73,26.98,-66529.0,0.0,50
1644636.0,1645158.0,1645158.0,-64404.0,50.11792,50.14256,50.0,-0.22,-2.31,26.93,-66529.0,0.0,50
1645429.0,1645952.0,1645952.0,-64407.0,50.04717,50.13291,50.0,-0.1,-2.36,26.88,-66529.0,0.0,50
1646223.0,1646746.0,1646746.0,-64400.0,50.21226,50.09934,50.0,-0.18,-2.96,27.02,-66529.0,0.0,50
1647017.0,1647540.0,1647540.0,-64404.0,50.11792,50.14355,50.0,-0.25,-3.11,26.88,-66529.0,0.0,50
1647811.0,1648334.0,1648334.0,-64399.0,50.23585,50.13352,50.0,-0.54,-2.98,26.98,-66529.0,0.0,50
1648605.0,1649128.0,1649128.0,-64386.0,50.54245,50.17358,50.0,-0.34,-2.83,26.93,-66529.0,0.0,50
1649399.0,1649921.0,1649921.0,-64419.0,49.76415,50.31799,50.0,-0.35,-2.73,26.98,-66529.0,0.0,50
1650192.0,1650715.0,1650715.0,-64388.0,50.49528,50.10116,50.0,-0.35,-2.88,27.02,-66529.0,0.0,50
1650986.0,1651509.0,1651509.0,-64415.0,49.85849,50.25546,50.0,-0.48,-2.89,26.98,-66529.0,0.0,50
1651780.0,1652303.0,1652303.0,-64413.0,49.90566,50.10004,50.0,-0.11,-3.07,26.98,-66529.0,0.0,50
1652574.0,1653097.0,1653097.0,-64436.0,49.3632,50.02394,50.0,-0.1,-2.46,26.98,-66529.0,0.0,50
1653368.0,1653891.0,1653891.0,-64409.0,50.0,49.76527,50.0,-0.11,-2.78,26.98,-66529.0,0.0,50
1654162.0,1654684.0,1654684.0,-64408.0,50.02358,49.85717,50.0,-0.22,-2.77,26.93,-66529.0,0.0,50
1654955.0,1655478.0,1655478.0,-64396.0,50.3066,49.92232,50.0,-0.18,-2.78,26.98,-66529.0,0.0,50
1655749.0,1656272.0,1656272.0,-64412.0,49.92924,50.07277,50.0,-0.22,-2.35,26.93,-66529.0,0.0,50
1656543.0,1657066.0,1657066.0,-64418.0,49.78773,50.01658,50.0,-0.18,-2.72,26.98,-66529.0,0.0,50
1657337.0,1657860.0,1657860.0,-64420.0,49.74056,49.92699,50.0,-0.15,-2.71,27.02,-66529.0,0.0,50
1658131.0,1658653.0,1658653.0,-64392.0,50.40094,49.854,50.0,-0.46,-2.43,26.93,-66529.0,0.0,50
1658924.0,1659447.0,1659447.0,-64404.0,50.11792,50.06813,50.0,0.21,-2.36,26.98,-66529.0,0.0,50
1659717.0,1660241.0,1660241.0,-64407.0,50.04717,50.08762,50.0,0.01,-2.7,27.07,-66529.0,0.0,50
1660511.0,1661035.0,1661035.0,-64397.0,50.28302,50.07178,50.0,-0.17,-2.36,26.88,-66529.0,0.0,50
1661306.0,1661828.0,1661828.0,-64403.0,50.14151,50.15448,50.0,-0.42,-3.16,26.98,-66529.0,0.0,50
1662099.0,1662622.0,1662622.0,-64425.0,49.62264,50.1494,50.0,-0.22,-2.97,27.02,-66529.0,0.0,50
1662893.0,1663416.0,1663416.0,-64428.0,49.55188,49.94317,50.0,-0.01,-2.53,26.93,-66529.0,0.0,50
1663687.0,1664210.0,1664210.0,-64398.0,50.25943,49.78998,50.0,-0.24,-2.51,26.88,-66529.0,0.0,50
1664481.0,1665004.0,1665004.0,-64416.0,49.8349,49.97377,50.0,-0.39,-2.79,26.93,-66529.0,0.0,50
1665275.0,1665798.0,1665798.0,-64372.0,50.87264,49.91941,50.0,-0.31,-2.72,26.98,-66529.0,0.0,50
1666069.0,1666592.0,1666592.0,-64428.0,49.55188,50.2926,50.0,-0.18,-2.95,26.93,-66529.0,0.0,50
1666863.0,1667386.0,1667386.0,-64424.0,49.64622,50.00261,50.0,-0.55,-2.53,27.02,-66529.0,0.0,50
1667657.0,1668179.0,1668179.0,-64394.0,50.35377,49.86309,50.0,-0.1,-3.14,26.98,-66529.0,0.0,50
1668451.0,1668973.0,1668973.0,-64389.0,50.47169,50.05519,50.0,-0.25,-2.63,26.98,-66529.0,0.0,50
1669244.0,1669767.0,1669767.0,-64405.0,50.09434,50.21825,50.0,-0.24,-3.02,26.98,-66529.0,0.0,50
1670038.0,1670561.0,1670561.0,-64420.0,49.74056,50.16974,50.0,-0.06,-2.92,27.02,-66529.0,0.0,50
1670832.0,1671355.0,1671355.0,-64417.0,49.81132,50.00172,50.0,-0.14,-2.64,27.02,-66529.0,0.0,50
1671626.0,1672149.0,1672149.0,-64406.0,50.07075,49.92717,50.0,-0.08,-2.9,26.93,-66529.0,0.0,50
1672420.0,1672943.0,1672943.0,-64426.0,49.59906,49.98338,50.0,-0.42,-3.32,26.98,-66529.0,0.0,50
