tBeforeMeasure,tAfterMeasure,tAfterAlgo,realValue_WU,realValue,realValueFiltered,correctedValueFiltered,thetadeg,phideg,myTmp,OFFSET,tareButtonFlank,realWeight
10293401.0,10293914.0,10293914.0,147169.0,4991.35596,4991.60986,4991.5,-0.56,-0.61,26.37,-66192.0,0.0,5000
10294195.0,10294708.0,10294708.0,147177.0,4991.54297,4991.51025,4991.5,-1.01,-0.71,26.32,-66192.0,0.0,5000
10294989.0,10295502.0,10295502.0,147192.0,4991.89404,4991.52295,4991.5,-0.96,-0.37,26.27,-66192.0,0.0,5000
10295783.0,10296295.0,10296295.0,147185.0,4991.72998,4991.66846,4991.5,-1.06,-0.9,26.37,-66192.0,0.0,5000
10296576.0,10297089.0,10297089.0,147165.0,4991.26221,4991.69238,4991.5,-1.12,-0.41,26.32,-66192.0,0.0,5000
10297370.0,10297883.0,10297883.0,147153.0,4990.98145,4991.52393,4991.5,-0.81,-0.57,26.27,-66192.0,0.0,5000
10298164.0,10298676.0,10298676.0,147191.0,4991.87061,4991.31152,4991.0,-1.13,-0.79,26.32,-66192.0,0.0,5000
10298957.0,10299470.0,10299470.0,147163.0,4991.21533,4991.53027,4991.5,-1.14,-0.62,26.27,-66192.0,0.0,5000
10299751.0,10300264.0,10300264.0,147193.0,4991.91699,4991.40674,4991.5,-1.09,0.55,26.32,-66192.0,0.0,5000
10300544.0,10301057.0,10301057.0,147217.0,4992.47852,4991.60645,4991.5,0.3,-0.7,26.27,-66192.0,0.0,5000
10301338.0,10301851.0,10301851.0,147241.0,4993.04004,4991.94775,4992.0,1.69,-0.69,26.32,-66192.0,0.0,5000
10302131.0,10302645.0,10302645.0,147244.0,4993.11035,4992.37549,4992.0,1.78,-0.49,26.37,-66192.0,0.0,5000
10302925.0,10303439.0,10303439.0,147207.0,4992.24463,4992.66309,4992.5,3.13,-0.21,26.22,-66192.0,0.0,5000
10303719.0,10304232.0,10304232.0,147115.0,4990.09229,4992.49902,4992.5,3.23,-0.44,26.27,-66192.0,0.0,5000
10304512.0,10305026.0,10305026.0,146918.0,4985.48389,4991.55713,4991.5,5.13,0.0,26.37,-66192.0,0.0,5000
10305305.0,10305820.0,10305820.0,146692.0,4980.19678,4980.19678,4980.0,5.25,-0.21,26.32,-66192.0,0.0,5000
10306100.0,10306613.0,10306613.0,146464.0,4974.86328,4974.86328,4975.0,7.11,-0.4,26.18,-66192.0,0.0,5000
10306893.0,10307407.0,10307407.0,146374.0,4972.75781,4974.86328,4975.0,6.69,-0.61,26.37,-66192.0,0.0,5000
10307687.0,10308201.0,10308201.0,146199.0,4968.66357,4974.03906,4974.0,7.39,-0.43,26.32,-66192.0,0.0,5000
10308481.0,10308994.0,10308994.0,145641.0,4955.60986,4955.60986,4955.5,8.43,-0.23,26.27,-66192.0,0.0,5000
10309274.0,10309788.0,10309788.0,145121.0,4943.44482,4943.44482,4943.5,8.73,-1.96,26.22,-66192.0,0.0,5000
10310068.0,10310582.0,10310582.0,144674.0,4932.98779,4932.98779,4933.0,10.07,0.09,26.18,-66192.0,0.0,5000
10310862.0,10311375.0,10311375.0,144262.0,4923.34961,4923.34961,4923.0,12.29,-0.53,26.32,-66192.0,0.0,5000
10311657.0,10312169.0,10312169.0,142924.0,4892.04834,4892.04834,4892.0,14.29,-0.34,26.27,-66192.0,0.0,5000
10312450.0,10312963.0,10312963.0,141245.0,4852.77002,4852.77002,4853.0,16.52,-0.48,26.27,-66192.0,0.0,5000
10313244.0,10313756.0,10313756.0,139396.0,4809.51465,4809.51465,4809.5,17.34,-0.44,26.27,-66192.0,0.0,5000
10314038.0,10314550.0,10314550.0,137679.0,4769.34717,4769.34717,4769.0,18.95,0.4,26.32,-66192.0,0.0,5000
10314830.0,10315344.0,10315344.0,136249.0,4735.89404,4735.89404,4736.0,19.42,-0.45,26.32,-66192.0,0.0,5000
10315625.0,10316138.0,10316138.0,134766.0,4701.20068,4701.20068,4701.0,22.54,-0.67,26.32,-66192.0,0.0,5000
10316419.0,10316931.0,10316931.0,133850.0,4679.77197,4679.77197,4680.0,21.41,-0.64,26.32,-66192.0,0.0,5000
10317212.0,10317725.0,10317725.0,132975.0,4659.30225,4659.30225,4659.0,20.39,0.81,26.27,-66192.0,0.0,5000
10318005.0,10318518.0,10318518.0,132458.0,4647.20752,4647.20752,4647.0,22.29,0.5,26.27,-66192.0,0.0,5000
10318799.0,10319312.0,10319312.0,131833.0,4632.58643,4632.58643,4632.5,23.12,-0.32,26.27,-66192.0,0.0,5000
10319593.0,10320106.0,10320106.0,130767.0,4607.64844,4607.64844,4607.5,24.41,0.28,26.32,-66192.0,0.0,5000
10320386.0,10320899.0,10320899.0,129309.0,4573.54004,4573.54004,4573.5,23.9,-0.94,26.32,-66192.0,0.0,5000
10321180.0,10321693.0,10321693.0,128934.0,4564.76709,4564.76709,4565.0,25.07,-0.42,26.41,-66192.0,0.0,5000
10321974.0,10322487.0,10322487.0,127659.0,4534.93994,4534.93994,4535.0,25.51,0.34,26.27,-66192.0,0.0,5000
10322767.0,10323280.0,10323280.0,126978.0,4519.00879,4519.00879,4519.0,26.53,0.27,26.27,-66192.0,0.0,5000
10323561.0,10324074.0,10324074.0,126463.0,4506.96094,4506.96094,4507.0,27.52,-0.71,26.22,-66192.0,0.0,5000
10324355.0,10324868.0,10324868.0,126081.0,4498.02441,4498.02441,4498.0,26.51,-0.11,26.27,-66192.0,0.0,5000
10325149.0,10325661.0,10325662.0,126153.0,4499.7085,4498.02441,4498.0,26.09,0.17,26.27,-66192.0,0.0,5000
10325942.0,10326455.0,10326455.0,125405.0,4482.20996,4482.20996,4482.0,28.18,-0.24,26.32,-66192.0,0.0,5000
10326736.0,10327249.0,10327249.0,125303.0,4479.82373,4482.20996,4482.0,25.89,0.03,26.37,-66192.0,0.0,5000
10327529.0,10328043.0,10328043.0,125457.0,4483.42627,4481.27588,4481.0,26.01,0.47,26.32,-66192.0,0.0,5000
10328323.0,10328836.0,10328836.0,124811.0,4468.31396,4468.31396,4468.0,27.19,-1.18,26.22,-66192.0,0.0,5000
10329117.0,10329630.0,10329630.0,124293.0,4456.1958,4456.1958,4456.0,27.24,-0.49,26.22,-66192.0,0.0,5000
10329911.0,10330424.0,10330424.0,124045.0,4450.39404,4450.39404,4450.0,26.68,-0.16,26.32,-66192.0,0.0,5000
10330705.0,10331218.0,10331218.0,123766.0,4443.86719,4443.86719,4444.0,28.1,0.22,26.37,-66192.0,0.0,5000
10331498.0,10332011.0,10332011.0,124104.0,4451.77441,4451.77441,4452.0,27.27,-0.81,26.27,-66192.0,0.0,5000
10332292.0,10332805.0,10332805.0,124385.0,4458.34814,4458.34814,4458.0,27.05,-0.43,26.32,-66192.0,0.0,5000
10333086.0,10333599.0,10333599.0,124757.0,4467.05078,4467.05078,4467.0,26.7,0.17,26.22,-66192.0,0.0,5000
10333879.0,10334392.0,10334392.0,124517.0,4461.43604,4461.43604,4461.5,28.46,-0.62,26.22,-66192.0,0.0,5000
10334674.0,10335186.0,10335186.0,123352.0,4434.18213,4434.18213,4434.0,27.4,0.51,26.37,-66192.0,0.0,5000
10335466.0,10335980.0,10335980.0,123219.0,4431.0708,4434.18213,4434.0,28.2,0.56,26.32,-66192.0,0.0,5000
10336260.0,10336773.0,10336773.0,123487.0,4437.34033,4437.34033,4437.0,27.61,0.52,26.22,-66192.0,0.0,5000
10337054.0,10337567.0,10337567.0,124177.0,4453.48193,4453.48193,4453.5,26.72,-0.36,26.32,-66192.0,0.0,5000
10337848.0,10338361.0,10338361.0,124927.0,4471.02783,4471.02783,4471.0,27.81,-0.03,26.22,-66192.0,0.0,5000
10338642.0,10339154.0,10339155.0,123691.0,4442.11279,4442.11279,4442.0,29.35,0.37,26.22,-66192.0,0.0,5000
10339435.0,10339948.0,10339948.0,123014.0,4426.2749,4426.2749,4426.0,29.97,0.52,26.41,-66192.0,0.0,5000
10340228.0,10340742.0,10340742.0,123689.0,4442.06592,4442.06592,4442.0,27.15,-0.22,26.32,-66192.0,0.0,5000
10341023.0,10341535.0,10341535.0,124412.0,4458.97998,4458.97998,4459.0,28.63,0.0,26.13,-66192.0,0.0,5000
10341815.0,10342329.0,10342329.0,123915.0,4447.35303,4447.35303,4447.0,28.41,0.46,26.32,-66192.0,0.0,5000
10342609.0,10343123.0,10343123.0,123429.0,4435.9834,4435.9834,4436.0,28.46,1.57,26.22,-66192.0,0.0,5000
10343403.0,10343916.0,10343916.0,123061.0,4427.37451,4427.37451,4427.0,28.72,-0.11,26.27,-66192.0,0.0,5000
10344197.0,10344710.0,10344710.0,125927.0,4494.42139,4494.42139,4494.5,23.33,0.43,26.32,-66192.0,0.0,5000
10344990.0,10345504.0,10345504.0,127231.0,4524.92725,4524.92725,4525.0,28.22,-1.31,26.27,-66192.0,0.0,5000
10345785.0,10346297.0,10346297.0,123753.0,4443.56299,4443.56299,4443.5,29.28,-0.36,26.27,-66192.0,0.0,5000
10346578.0,10347091.0,10347091.0,123293.0,4432.80176,4432.80176,4433.0,26.34,0.75,26.27,-66192.0,0.0,5000
10347371.0,10347885.0,10347885.0,123413.0,4435.60937,4432.80176,4433.0,28.75,2.04,26.32,-66192.0,0.0,5000
10348165.0,10348679.0,10348679.0,123830.0,4445.36426,4445.36426,4445.0,26.04,-0.45,26.27,-66192.0,0.0,5000
10348960.0,10349472.0,10349472.0,126471.0,4507.14795,4507.14795,4507.0,26.33,0.74,26.32,-66192.0,0.0,5000
10349752.0,10350266.0,10350266.0,129735.0,4583.50586,4583.50586,4583.5,21.94,-1.14,26.18,-66192.0,0.0,5000
10350547.0,10351060.0,10351060.0,130730.0,4606.78271,4606.78271,4607.0,24.6,0.72,26.32,-66192.0,0.0,5000
10351340.0,10351854.0,10351854.0,131135.0,4616.25732,4616.25732,4616.0,21.27,-0.3,26.27,-66192.0,0.0,5000
10352135.0,10352647.0,10352647.0,131114.0,4615.76611,4616.25732,4616.0,24.12,0.59,26.22,-66192.0,0.0,5000
10352927.0,10353441.0,10353441.0,131398.0,4622.40967,4622.40967,4622.5,21.55,-0.68,26.27,-66192.0,0.0,5000
10353722.0,10354235.0,10354235.0,131556.0,4626.10596,4622.40967,4622.5,22.7,0.55,26.32,-66192.0,0.0,5000
10354515.0,10355029.0,10355029.0,133087.0,4661.92236,4661.92236,4662.0,20.31,-0.67,26.22,-66192.0,0.0,5000
10355310.0,10355822.0,10355822.0,134428.0,4693.29346,4693.29346,4693.0,19.95,-0.38,26.27,-66192.0,0.0,5000
10356103.0,10356616.0,10356616.0,135442.0,4717.01514,4717.01514,4717.0,18.88,0.41,26.32,-66192.0,0.0,5000
10356896.0,10357410.0,10357410.0,136339.0,4737.99951,4737.99951,4738.0,18.46,-0.13,26.27,-66192.0,0.0,5000
10357691.0,10358204.0,10358204.0,137748.0,4770.96143,4770.96143,4771.0,16.9,-0.09,26.18,-66192.0,0.0,5000
10358485.0,10358997.0,10358997.0,139247.0,4806.02881,4806.02881,4806.0,15.97,-0.59,26.22,-66192.0,0.0,5000
10359279.0,10359791.0,10359791.0,140766.0,4841.56445,4841.56445,4841.5,14.68,-0.46,26.22,-66192.0,0.0,5000
10360072.0,10360585.0,10360585.0,141706.0,4863.55469,4863.55469,4863.5,13.06,-1.13,26.32,-66192.0,0.0,5000
10360866.0,10361379.0,10361379.0,142660.0,4885.87256,4885.87256,4886.0,11.79,0.0,26.22,-66192.0,0.0,5000
10361659.0,10362172.0,10362172.0,143247.0,4899.60449,4899.60449,4899.5,10.92,0.28,26.27,-66192.0,0.0,5000
10362453.0,10362966.0,10362966.0,143860.0,4913.94531,4913.94531,4914.0,10.74,-0.77,26.32,-66192.0,0.0,5000
10363247.0,10363760.0,10363760.0,144374.0,4925.96973,4925.96973,4926.0,9.56,-1.08,26.32,-66192.0,0.0,5000
10364040.0,10364554.0,10364554.0,144905.0,4938.39209,4938.39209,4938.0,9.04,-0.32,26.27,-66192.0,0.0,5000
10364834.0,10365347.0,10365347.0,145024.0,4941.17578,4938.39209,4938.0,8.49,-0.67,26.27,-66192.0,0.0,5000
10365627.0,10366141.0,10366141.0,145959.0,4963.04932,4963.04932,4963.0,5.44,-0.53,26.32,-66192.0,0.0,5000
10366421.0,10366935.0,10366935.0,146455.0,4974.65234,4974.65234,4974.5,5.51,-0.34,26.22,-66192.0,0.0,5000
10367215.0,10367728.0,10367728.0,146770.0,4982.02148,4982.02148,4982.0,2.56,-0.71,26.27,-66192.0,0.0,5000
10368008.0,10368522.0,10368522.0,146917.0,4985.46045,4982.02148,4982.0,4.04,-0.07,26.22,-66192.0,0.0,5000
10368802.0,10369316.0,10369316.0,147074.0,4989.1333,4983.36768,4983.0,2.84,-0.72,26.22,-66192.0,0.0,5000
10369596.0,10370109.0,10370109.0,147139.0,4990.65381,4985.625,4985.5,3.61,-0.8,26.27,-66192.0,0.0,5000
10370390.0,10370903.0,10370903.0,147221.0,4992.57227,4987.59375,4987.5,1.47,-0.24,26.27,-66192.0,0.0,5000
10371183.0,10371697.0,10371697.0,147256.0,4993.39111,4989.54297,4989.5,1.58,-0.69,26.37,-66192.0,0.0,5000
10371977.0,10372491.0,10372491.0,147246.0,4993.15723,4991.0498,4991.0,1.14,-0.42,26.32,-66192.0,0.0,5000
