tBeforeMeasure,tAfterMeasure,tAfterAlgo,realValue_WU,realValue,realValueFiltered,correctedValueFiltered,thetadeg,phideg,myTmp,OFFSET,tareButtonFlank,realWeight
1656051.0,1656567.0,1656567.0,61714.0,2996.41357,2996.32251,2996.0,-0.18,-3.2,23.26,-66371.0,0.0,3000
1656844.0,1657360.0,1657360.0,61684.0,2995.71191,2996.35815,2996.0,-0.37,-3.6,23.21,-66371.0,0.0,3000
1657637.0,1658154.0,1658154.0,61727.0,2996.71777,2996.10522,2996.0,-0.31,-3.59,23.21,-66371.0,0.0,3000
1658430.0,1658947.0,1658947.0,61693.0,2995.92236,2996.34497,2996.0,-0.08,-3.33,23.26,-66371.0,0.0,3000
1659223.0,1659740.0,1659740.0,61728.0,2996.74121,2996.17944,2996.0,-0.59,-3.54,23.21,-66371.0,0.0,3000
1660017.0,1660533.0,1660533.0,61710.0,2996.32007,2996.39941,2996.0,-0.49,-3.48,23.26,-66371.0,0.0,3000
1660810.0,1661326.0,1661326.0,61737.0,2996.95166,2996.36841,2996.0,-1.65,-3.61,23.26,-66371.0,0.0,3000
1661603.0,1662119.0,1662119.0,61755.0,2997.3728,2996.59668,2996.5,-3.47,-3.89,23.21,-66371.0,0.0,3000
1662396.0,1662912.0,1662912.0,61717.0,2996.48389,2996.90063,2997.0,-3.9,-3.14,23.21,-66371.0,0.0,3000
1663189.0,1663705.0,1663705.0,61695.0,2995.96924,2996.73755,2997.0,-4.68,-4.1,23.26,-66371.0,0.0,3000
1663982.0,1664498.0,1664498.0,61600.0,2993.74658,2996.43677,2996.5,-4.81,-3.75,23.26,-66371.0,0.0,3000
1664775.0,1665291.0,1665291.0,61540.0,2992.34302,2995.38354,2995.0,-5.7,-4.01,23.21,-66371.0,0.0,3000
1665568.0,1666084.0,1666084.0,61451.0,2990.26099,2994.19312,2994.0,-5.54,-3.17,23.17,-66371.0,0.0,3000
1666361.0,1666878.0,1666878.0,61352.0,2987.94507,2992.65381,2992.5,-6.99,-3.98,23.12,-66371.0,0.0,3000
1667154.0,1667671.0,1667671.0,61198.0,2984.34229,2990.8103,2991.0,-7.56,-3.97,23.26,-66371.0,0.0,3000
1667947.0,1668464.0,1668464.0,61006.0,2979.85059,2988.27808,2988.0,-8.66,-3.77,23.26,-66371.0,0.0,3000
1668740.0,1669257.0,1669257.0,60814.0,2975.35913,2984.97876,2985.0,-9.75,-3.64,23.17,-66371.0,0.0,3000
1669533.0,1670050.0,1670050.0,60484.0,2967.63916,2967.63916,2967.5,-10.45,-4.34,23.26,-66371.0,0.0,3000
1670327.0,1670843.0,1670843.0,60222.0,2961.50977,2961.50977,2961.5,-11.13,-3.5,23.26,-66371.0,0.0,3000
1671120.0,1671636.0,1671636.0,59995.0,2956.19946,2956.19946,2956.0,-11.68,-4.12,23.35,-66371.0,0.0,3000
1671913.0,1672429.0,1672429.0,59792.0,2951.45044,2956.19946,2956.0,-12.3,-3.8,23.26,-66371.0,0.0,3000
1672706.0,1673222.0,1673222.0,59679.0,2948.80688,2954.34033,2954.0,-11.49,-4.01,23.26,-66371.0,0.0,3000
1673499.0,1674015.0,1674015.0,59504.0,2944.71289,2952.17383,2952.0,-12.82,-3.84,23.21,-66371.0,0.0,3000
1674293.0,1674808.0,1674808.0,59263.0,2939.07495,2939.07495,2939.0,-13.45,-3.75,23.21,-66371.0,0.0,3000
1675086.0,1675601.0,1675601.0,59020.0,2933.39038,2933.39038,2933.0,-14.21,-3.98,23.17,-66371.0,0.0,3000
1675879.0,1676394.0,1676394.0,58725.0,2926.48901,2926.48901,2926.5,-14.78,-4.34,23.21,-66371.0,0.0,3000
1676672.0,1677187.0,1677187.0,58414.0,2919.21362,2919.21362,2919.0,-15.64,-4.09,23.26,-66371.0,0.0,3000
1677465.0,1677980.0,1677980.0,58139.0,2912.78027,2912.78027,2913.0,-15.42,-4.64,23.26,-66371.0,0.0,3000
1678258.0,1678773.0,1678773.0,57863.0,2906.32349,2906.32349,2906.0,-15.94,-4.43,23.31,-66371.0,0.0,3000
1679051.0,1679566.0,1679566.0,57583.0,2899.77319,2899.77319,2900.0,-19.56,-3.41,23.31,-66371.0,0.0,3000
1679844.0,1680360.0,1680360.0,57329.0,2893.83105,2893.83105,2894.0,-16.52,-4.11,23.26,-66371.0,0.0,3000
1680637.0,1681153.0,1681153.0,57295.0,2893.03564,2893.83105,2894.0,-17.13,-4.09,23.31,-66371.0,0.0,3000
1681431.0,1681946.0,1681946.0,57083.0,2888.07617,2893.51978,2893.5,-16.77,-4.33,23.26,-66371.0,0.0,3000
1682224.0,1682739.0,1682739.0,56891.0,2883.58472,2891.38867,2891.0,-17.02,-4.29,23.17,-66371.0,0.0,3000
1683017.0,1683532.0,1683532.0,56650.0,2877.94678,2877.94678,2878.0,-17.8,-4.0,23.21,-66371.0,0.0,3000
1683810.0,1684325.0,1684325.0,56456.0,2873.4082,2877.94678,2878.0,-17.97,-4.66,23.17,-66371.0,0.0,3000
1684603.0,1685118.0,1685118.0,56016.0,2863.11499,2863.11499,2863.0,-19.44,-4.37,23.12,-66371.0,0.0,3000
1685396.0,1685911.0,1685911.0,55656.0,2854.69312,2854.69312,2854.5,-19.84,-4.0,23.21,-66371.0,0.0,3000
1686189.0,1686704.0,1686704.0,55442.0,2849.68677,2849.68677,2849.5,-19.51,-4.7,23.26,-66371.0,0.0,3000
1686982.0,1687498.0,1687498.0,55168.0,2843.27686,2843.27686,2843.0,-20.04,-4.27,23.21,-66371.0,0.0,3000
1687775.0,1688291.0,1688291.0,54980.0,2838.87866,2843.27686,2843.0,-20.61,-4.05,23.21,-66371.0,0.0,3000
1688568.0,1689084.0,1689084.0,54309.0,2823.1814,2823.1814,2823.0,-21.37,-4.63,23.12,-66371.0,0.0,3000
1689362.0,1689877.0,1689877.0,53671.0,2808.2561,2808.2561,2808.0,-22.16,-4.64,23.17,-66371.0,0.0,3000
1690155.0,1690670.0,1690670.0,52974.0,2791.95044,2791.95044,2792.0,-23.18,-4.4,23.31,-66371.0,0.0,3000
1690948.0,1691463.0,1691463.0,51730.0,2762.84839,2762.84839,2763.0,-25.17,-4.7,23.31,-66371.0,0.0,3000
1691741.0,1692256.0,1692256.0,50285.0,2729.04419,2729.04419,2729.0,-25.2,-4.6,23.26,-66371.0,0.0,3000
1692534.0,1693049.0,1693049.0,50005.0,2722.4939,2722.4939,2722.5,-26.43,-5.18,23.26,-66371.0,0.0,3000
1693327.0,1693842.0,1693842.0,49056.0,2700.29297,2700.29297,2700.0,-27.45,-5.06,23.35,-66371.0,0.0,3000
1694120.0,1694636.0,1694636.0,48223.0,2680.80591,2680.80591,2681.0,-28.16,-4.68,23.35,-66371.0,0.0,3000
1694913.0,1695429.0,1695429.0,47756.0,2669.88086,2669.88086,2670.0,-29.02,-4.5,23.17,-66371.0,0.0,3000
1695707.0,1696222.0,1696222.0,47300.0,2659.21338,2659.21338,2659.0,-29.34,-5.14,23.26,-66371.0,0.0,3000
1696500.0,1697015.0,1697015.0,47058.0,2653.552,2653.552,2653.5,-29.51,-4.77,23.35,-66371.0,0.0,3000
1697293.0,1697808.0,1697808.0,46775.0,2646.9314,2646.9314,2647.0,-30.16,-4.9,23.17,-66371.0,0.0,3000
1698086.0,1698601.0,1698601.0,46533.0,2641.27002,2641.27002,2641.0,-29.59,-5.27,23.17,-66371.0,0.0,3000
1698879.0,1699395.0,1699395.0,46478.0,2639.9834,2641.27002,2641.0,-30.61,-4.49,23.26,-66371.0,0.0,3000
1699672.0,1700188.0,1700188.0,46492.0,2640.31104,2640.76636,2641.0,-28.86,-4.92,23.17,-66371.0,0.0,3000
1700465.0,1700981.0,1700981.0,46472.0,2639.84302,2640.58813,2640.5,-29.15,-4.67,23.26,-66371.0,0.0,3000
1701258.0,1701774.0,1701774.0,47236.0,2657.71606,2657.71606,2658.0,-28.64,-4.87,23.26,-66371.0,0.0,3000
1702052.0,1702567.0,1702567.0,48293.0,2682.44336,2682.44336,2682.5,-27.14,-5.09,23.31,-66371.0,0.0,3000
1702845.0,1703360.0,1703360.0,49454.0,2709.60376,2709.60376,2709.5,-25.79,-4.89,23.21,-66371.0,0.0,3000
1703638.0,1704153.0,1704153.0,50627.0,2737.04492,2737.04492,2737.0,-24.25,-4.4,23.4,-66371.0,0.0,3000
1704431.0,1704946.0,1704946.0,51569.0,2759.08203,2759.08203,2759.0,-24.27,-5.06,23.21,-66371.0,0.0,3000
1705224.0,1705739.0,1705739.0,52340.0,2777.11865,2777.11865,2777.0,-22.74,-4.76,23.12,-66371.0,0.0,3000
1706017.0,1706532.0,1706532.0,53217.0,2797.63525,2797.63525,2797.5,-22.02,-4.93,23.21,-66371.0,0.0,3000
1706810.0,1707325.0,1707325.0,53869.0,2812.88818,2812.88818,2813.0,-20.75,-4.69,23.26,-66371.0,0.0,3000
1707603.0,1708118.0,1708118.0,54470.0,2826.94775,2826.94775,2827.0,-20.0,-4.89,23.4,-66371.0,0.0,3000
1708396.0,1708911.0,1708911.0,55051.0,2840.53979,2840.53979,2840.5,-18.97,-4.93,23.26,-66371.0,0.0,3000
1709189.0,1709704.0,1709704.0,55596.0,2853.28955,2853.28955,2853.0,-18.56,-4.04,23.31,-66371.0,0.0,3000
1709982.0,1710497.0,1710497.0,56096.0,2864.98633,2864.98633,2865.0,-18.15,-4.59,23.26,-66371.0,0.0,3000
1710774.0,1711290.0,1711290.0,56616.0,2877.15137,2877.15137,2877.0,-16.92,-4.0,23.26,-66371.0,0.0,3000
1711567.0,1712082.0,1712082.0,57172.0,2890.1582,2890.1582,2890.0,-16.47,-4.3,23.26,-66371.0,0.0,3000
1712360.0,1712875.0,1712875.0,57618.0,2900.59204,2900.59204,2900.5,-15.72,-4.5,23.31,-66371.0,0.0,3000
1713153.0,1713668.0,1713668.0,58061.0,2910.95557,2910.95557,2911.0,-14.62,-4.23,23.26,-66371.0,0.0,3000
1713946.0,1714461.0,1714461.0,58374.0,2918.27783,2918.27783,2918.0,-12.9,-4.59,23.35,-66371.0,0.0,3000
1714739.0,1715254.0,1715254.0,58815.0,2928.59448,2928.59448,2928.5,-13.12,-4.1,23.21,-66371.0,0.0,3000
1715532.0,1716047.0,1716047.0,59176.0,2937.03979,2937.03979,2937.0,-12.32,-3.56,23.26,-66371.0,0.0,3000
1716325.0,1716840.0,1716840.0,59409.0,2942.49048,2942.49048,2942.5,-11.59,-3.98,23.21,-66371.0,0.0,3000
1717118.0,1717633.0,1717633.0,59800.0,2951.6377,2951.6377,2951.5,-8.54,-3.94,23.26,-66371.0,0.0,3000
1717910.0,1718426.0,1718426.0,60273.0,2962.70288,2962.70288,2963.0,-8.76,-4.19,23.26,-66371.0,0.0,3000
1718703.0,1719219.0,1719219.0,60637.0,2971.21826,2971.21826,2971.0,-8.03,-3.49,23.31,-66371.0,0.0,3000
1719495.0,1720012.0,1720012.0,60801.0,2975.05493,2971.21826,2971.0,-8.05,-4.28,23.26,-66371.0,0.0,3000
1720288.0,1720804.0,1720804.0,61017.0,2980.10791,2980.10791,2980.0,-6.44,-3.99,23.31,-66371.0,0.0,3000
1721081.0,1721597.0,1721597.0,61177.0,2983.85107,2980.10791,2980.0,-6.55,-3.42,23.35,-66371.0,0.0,3000
1721874.0,1722390.0,1722390.0,61294.0,2986.58813,2981.57324,2981.5,-6.07,-3.59,23.21,-66371.0,0.0,3000
1722667.0,1723183.0,1723183.0,61411.0,2989.3252,2983.53662,2983.5,-4.47,-3.98,23.26,-66371.0,0.0,3000
1723460.0,1723976.0,1723976.0,61578.0,2993.23193,2985.80298,2986.0,-5.78,-3.28,23.31,-66371.0,0.0,3000
1724253.0,1724769.0,1724769.0,61642.0,2994.72925,2988.71143,2989.0,-4.4,-3.93,23.35,-66371.0,0.0,3000
1725046.0,1725562.0,1725562.0,61615.0,2994.09766,2991.06738,2991.0,-7.49,-1.85,23.21,-66371.0,0.0,3000
1725839.0,1726355.0,1726355.0,61695.0,2995.96924,2992.25366,2992.0,-4.26,-3.5,23.21,-66371.0,0.0,3000
1726631.0,1727147.0,1727147.0,61732.0,2996.83472,2993.70825,2994.0,-2.49,-3.82,23.26,-66371.0,0.0,3000
1727424.0,1727940.0,1727940.0,61740.0,2997.02197,2994.93237,2995.0,-1.78,-3.9,23.35,-66371.0,0.0,3000
1728217.0,1728733.0,1728733.0,61728.0,2996.74121,2995.75049,2996.0,-1.31,-3.49,23.21,-66371.0,0.0,3000
1729010.0,1729526.0,1729526.0,61759.0,2997.46631,2996.13843,2996.0,-1.86,-3.45,23.26,-66371.0,0.0,3000
1729803.0,1730319.0,1730319.0,61735.0,2996.90479,2996.6582,2996.5,-1.33,-4.14,23.21,-66371.0,0.0,3000
1730596.0,1731112.0,1731112.0,61757.0,2997.41943,2996.75488,2997.0,-1.37,-3.16,23.31,-66371.0,0.0,3000
1731389.0,1731905.0,1731905.0,61725.0,2996.6709,2997.01514,2997.0,-0.81,-3.72,23.31,-66371.0,0.0,3000
1732182.0,1732698.0,1732698.0,61723.0,2996.62427,2996.88037,2997.0,-1.41,-3.97,23.17,-66371.0,0.0,3000
1732974.0,1733491.0,1733491.0,61731.0,2996.81128,2996.78003,2997.0,-1.12,-2.89,23.21,-66371.0,0.0,3000
1733767.0,1734283.0,1734283.0,61720.0,2996.55396,2996.79224,2997.0,-0.66,-3.37,23.31,-66371.0,0.0,3000
1734560.0,1735076.0,1735076.0,61708.0,2996.27319,2996.69897,2996.5,-0.32,-3.71,23.21,-66371.0,0.0,3000
