tBeforeMeasure,tAfterMeasure,tAfterAlgo,realValue_WU,OFFSET,calibrationFactor,relativeVal_WU,realValue_WU_AngleAdj,realValue_WU_MovAvg,realValue_WU_Filt,realValue,realValueFiltered,correctedValueFiltered,myAx,myAy,myAz,myGx,myGy,myGz,thetadeg,phideg,myTmp,bSync,vccReadBits,vccReadVolts,vccGPIO,vccVolts,ratioVCCMAX,B_DEBUG_MODE,B_SERIALPORT,BF_SERIALPORT,timeNorm,timeMeasure,timeAlgo,timeTotal,timeSim,realWeight
3408659,3409248,3409249,-24104,-23882,61.7977,-222,2752.4,2916.12,2987.168,48.33785,0,48.0,0.975586,-0.033203,0.015137,-3.007634,-0.954199,-0.618321,-87.85771,-65.49244,26.74176,False,0,0,0,0,0,True,True,False,0,589,1,590,0.0,1000
3409335,3409923,3409924,-24120,-23882,61.7977,-238,3083.191,2916.349,2959.353,47.88774,0,48.0,0.974365,-0.037598,0.009766,-3.022901,-1.053435,-0.534351,-87.71678,-75.43955,26.74176,False,0,0,0,0,0,True,True,False,676,588,1,589,675.3939393939394,1000
3410010,3410598,3410599,-24127,-23882,61.7977,-245,3325.446,2989.943,2942.517,47.61531,0,47.5,0.977539,-0.037842,0.016846,-3.068702,-1.0,-0.389313,-87.57341,-66.00307,26.83588,False,0,0,0,0,0,True,True,False,1351,588,1,589,1350.7878787878788,1000
3410686,3411274,3411275,-24103,-23882,61.7977,-221,3142.716,3040.544,2961.084,47.91576,0,48.0,0.975342,-0.041992,0.011963,-2.969466,-0.80916,-0.78626,-87.43656,-74.09843,26.74176,False,0,0,0,0,0,True,True,False,2027,588,1,589,2026.181818181818,1000
3411362,3411949,3411950,-24104,-23882,61.7977,-222,3599.423,3094.629,2992.192,48.41916,0,48.5,0.971191,-0.046875,0.015869,-2.969466,-1.053435,-0.648855,-87.08274,-71.29673,26.69471,False,0,0,0,0,0,True,True,False,2703,587,1,588,2701.5757575757575,1000
3412037,3412625,3412626,-24106,-23882,61.7977,-224,3276.713,3146.483,3032.296,49.06811,0,49.0,0.975098,-0.042969,0.013428,-3.083969,-0.954199,-0.435115,-87.35646,-72.64581,26.74176,False,0,0,0,0,0,True,True,False,3378,588,1,589,3376.969696969697,1000
3412712,3413300,3413301,-24143,-23882,61.7977,-261,3369.197,3221.301,3077.0,49.79151,0,50.0,0.96875,-0.034424,0.01709,-3.114504,-0.977099,-0.541985,-87.72793,-63.59757,26.78882,False,0,0,0,0,0,True,True,False,4053,588,1,589,4052.363636363636,1000
3413387,3413976,3413977,-24219,-23882,61.7977,-337,4269.873,3438.082,3133.494,50.70567,0,51.0,0.972168,-0.036133,0.010254,-3.0,-1.10687,-0.259542,-87.78728,-74.15675,26.74176,False,0,0,0,0,0,True,True,False,4728,589,1,590,4727.757575757576,1000
3414062,3414651,3414652,-24195,-23882,61.7977,-313,3786.732,3538.588,3252.74,52.6353,0,52.5,0.978516,-0.033203,0.011719,-3.267176,-0.938931,-0.679389,-87.93898,-70.5598,26.74176,False,0,0,0,0,0,True,True,False,5403,589,1,590,5403.151515151515,1000
3414739,3415327,3415327,-24192,-23882,61.7977,-310,4176.861,3660.219,3364.65,54.4462,0,54.5,0.973145,-0.039551,0.010254,-3.083969,-0.923664,-0.610687,-87.5956,-75.46537,26.74176,False,0,0,0,0,0,True,True,False,6080,588,0,588,6078.545454545454,1000
3415413,3416002,3416003,-24157,-23882,61.7977,-275,3383.894,3694.673,3480.365,56.31868,0,56.0,0.975586,-0.032959,0.014648,-3.160305,-0.961832,-0.473282,-87.88252,-66.03736,26.74176,False,0,0,0,0,0,True,True,False,6754,589,1,590,6753.939393939394,1000
3416089,3416677,3416678,-24143,-23882,61.7977,-261,3626.794,3698.583,3564.267,57.67636,0,57.5,0.971191,-0.041016,0.010498,-3.083969,-0.832061,-0.580153,-87.50365,-75.64305,26.69471,False,0,0,0,0,0,True,True,False,7430,588,1,589,7429.333333333333,1000
3416765,3417353,3417354,-24133,-23882,61.7977,-251,3481.244,3727.802,3616.852,58.52729,0,58.5,0.971436,-0.037842,0.018799,-3.229008,-0.923664,-0.564886,-87.50921,-63.58285,26.69471,False,0,0,0,0,0,True,True,False,8106,588,1,589,8104.727272727272,1000
3417440,3418028,3418029,-24121,-23882,61.7977,-239,3757.453,3783.267,3660.289,59.23018,0,59.0,0.973633,-0.046631,0.012451,-3.007634,-0.870229,-0.557252,-87.16187,-75.04974,26.74176,False,0,0,0,0,0,True,True,False,8781,588,1,589,8780.121212121212,1000
3418117,3418703,3418704,-24127,-23882,61.7977,-245,3422.293,3662.184,3708.435,60.00927,0,60.0,0.97168,-0.040283,0.013916,-3.167939,-0.923664,-0.717557,-87.48834,-70.94213,26.78882,False,0,0,0,0,0,True,True,False,9458,586,1,587,9455.515151515152,1000
3418790,3419379,3419380,-24106,-23882,61.7977,-224,3153.849,3571.772,3690.328,59.71626,0,60.0,0.973633,-0.04126,0.012451,-3.053435,-0.870229,-0.816794,-87.46527,-73.20732,26.74176,False,0,0,0,0,0,True,True,False,10131,589,1,590,10130.90909090909,1000
3419466,3420054,3420055,-24110,-23882,61.7977,-228,2682.486,3358.29,3643.913,58.96519,0,59.0,0.974854,-0.03125,0.011963,-3.076336,-0.969466,-0.480916,-88.03391,-69.05237,26.74176,False,0,0,0,0,0,True,True,False,10807,588,1,589,10806.30303030303,1000
3420141,3420730,3420730,-24110,-23882,61.7977,-228,2951.932,3296.581,3532.092,57.15572,0,57.0,0.973389,-0.035156,0.016357,-2.885496,-1.0,-0.709924,-87.71861,-65.04834,26.78882,False,0,0,0,0,0,True,True,False,11482,589,0,589,11481.69696969697,1000
3420816,3421405,3421406,-24134,-23882,61.7977,-252,3570.914,3288.598,3439.889,55.66371,0,55.5,0.974121,-0.040527,0.015625,-2.954198,-0.961832,-0.870229,-87.44672,-68.91608,26.69471,False,0,0,0,0,0,True,True,False,12157,589,1,590,12157.090909090908,1000
3421495,3422080,3422081,-24131,-23882,61.7977,-249,3597.295,3305.177,3380.659,54.70526,0,55.0,0.962647,-0.041504,0.01416,-3.068702,-0.946565,-0.503817,-87.39151,-71.1614,26.64765,False,0,0,0,0,0,True,True,False,12836,585,1,586,12832.484848484848,1000
3422167,3422756,3422757,-24077,-23882,61.7977,-195,2733.742,3158.932,3351.108,54.22706,0,54.0,0.967529,-0.039551,0.015869,-3.038168,-1.022901,-0.519084,-87.47778,-68.13748,26.64765,False,0,0,0,0,0,True,True,False,13508,589,1,590,13507.878787878788,1000
3422843,3423431,3423432,-24097,-23882,61.7977,-215,2609.496,3042.819,3275.871,53.0096,0,53.0,0.97876,-0.031006,0.01709,-3.175573,-0.816794,-0.48855,-87.92819,-61.13713,26.69471,False,0,0,0,0,0,True,True,False,14184,588,1,589,14183.272727272726,1000
3423518,3424107,3424108,-24097,-23882,61.7977,-215,2896.446,3006.047,3184.631,51.53316,0,51.5,0.963135,-0.036865,0.016602,-3.0,-0.946565,-0.51145,-87.59602,-65.75632,26.64765,False,0,0,0,0,0,True,True,False,14859,589,1,590,14858.666666666666,1000
3424193,3424782,3424783,-24127,-23882,61.7977,-245,3448.442,3115.469,3114.715,50.4018,0,50.5,0.962158,-0.039307,0.016357,-3.038168,-0.931298,-0.465649,-87.46618,-67.40525,26.69471,False,0,0,0,0,0,True,True,False,15534,589,1,590,15534.060606060606,1000
3424872,3425457,3425458,-24113,-23882,61.7977,-231,3213.586,3152.848,3115.01,50.40657,0,50.5,0.9729,-0.040039,0.01416,-2.946565,-1.076336,-0.931298,-87.5003,-70.52326,26.60059,False,0,0,0,0,0,True,True,False,16213,585,1,586,16209.454545454544,1000
3425545,3426133,3426134,-24080,-23882,61.7977,-198,2438.172,2991.028,3129.824,50.64628,0,50.5,0.980713,-0.035156,0.009033,-3.068702,-0.80916,-0.198473,-87.88013,-75.58971,26.64765,False,0,0,0,0,0,True,True,False,16886,588,1,589,16884.848484848484,1000
3426220,3426808,3426809,-24077,-23882,61.7977,-195,2661.814,2857.388,3075.485,49.76698,0,50.0,0.975586,-0.040283,0.010498,-3.045802,-0.931298,-0.641221,-87.55644,-75.39309,26.74176,False,0,0,0,0,0,True,True,False,17561,588,1,589,17560.242424242424,1000
3426895,3427484,3427484,-24110,-23882,61.7977,-228,3078.114,2906.584,2990.1,48.3853,0,48.0,0.977783,-0.038818,0.013672,-3.091603,-0.763359,-0.526718,-87.5896,-70.59751,26.69471,False,0,0,0,0,0,True,True,False,18236,589,0,589,18235.636363636364,1000
3427570,3428159,3428160,-24102,-23882,61.7977,-220,3130.008,2980.943,2957.403,47.85621,0,48.0,0.967041,-0.04126,0.013184,-2.80916,-0.854962,-0.519084,-87.43517,-72.27977,26.64765,False,0,0,0,0,0,True,True,False,18911,589,1,590,18911.030303030304,1000
3428247,3428834,3428835,-24104,-23882,61.7977,-222,2717.03,2955.312,2966.619,48.00533,0,48.0,0.975586,-0.031006,0.017822,-3.007634,-0.854962,-0.679389,-87.90038,-60.10944,26.64765,False,0,0,0,0,0,True,True,False,19588,587,1,588,19586.42424242424,1000
3428921,3429510,3429511,-24110,-23882,61.7977,-228,2785.643,2860.626,2962.192,47.9337,0,48.0,0.965576,-0.030029,0.018555,-2.885496,-0.877863,-0.51145,-87.90613,-58.28852,26.64765,False,0,0,0,0,0,True,True,False,20262,589,1,590,20261.81818181818,1000
3429597,3430185,3430186,-24092,-23882,61.7977,-210,3094.198,2843.571,2922.429,47.29026,0,47.0,0.97168,-0.044434,0.008301,-3.175573,-1.022901,-0.656489,-87.33633,-79.41818,26.69471,False,0,0,0,0,0,True,True,False,20938,588,1,589,20937.21212121212,1000
3430272,3430860,3430861,-24093,-23882,61.7977,-211,2885.708,2907.504,2891.556,46.79068,0,47.0,0.979492,-0.039063,0.015137,-3.083969,-0.900763,-0.48855,-87.55076,-68.81849,26.64765,False,0,0,0,0,0,True,True,False,21613,588,1,589,21612.60606060606,1000
3430947,3431536,3431537,-24118,-23882,61.7977,-236,3349.474,3005.742,2897.8,46.89171,0,47.0,0.974365,-0.042725,0.008301,-3.229008,-1.045802,-0.687023,-87.44218,-79.00504,26.64765,False,0,0,0,0,0,True,True,False,22288,589,1,590,22288.0,1000
3431625,3432211,3432212,-24110,-23882,61.7977,-228,2935.678,2985.394,2940.059,47.57554,0,47.5,0.970703,-0.037109,0.009766,-3.19084,-1.022901,-0.969466,-87.73602,-75.25626,26.64765,False,0,0,0,0,0,True,True,False,22966,586,1,587,22963.39393939394,1000
3432298,3432887,3432887,-24090,-23882,61.7977,-208,2718.291,2926.577,2957.808,47.86275,0,48.0,0.9646,-0.035645,0.015625,-3.0,-0.824428,-0.70229,-87.68933,-66.32931,26.69471,False,0,0,0,0,0,True,True,False,23639,589,0,589,23638.78787878788,1000
3432973,3433562,3433563,-24089,-23882,61.7977,-207,2815.862,2940.696,2945.581,47.66489,0,47.5,0.965332,-0.039307,0.011719,-2.870229,-1.076336,-0.465649,-87.5668,-73.39858,26.69471,False,0,0,0,0,0,True,True,False,24314,589,1,590,24314.181818181816,1000
3433649,3434237,3434238,-24090,-23882,61.7977,-208,2801.282,2942.93,2943.668,47.63395,0,47.5,0.976074,-0.037109,0.017334,-2.946565,-0.900763,-0.633588,-87.59695,-64.96233,26.64765,False,0,0,0,0,0,True,True,False,24990,588,1,589,24989.575757575756,1000
3434324,3434913,3434913,-24101,-23882,61.7977,-219,2830.485,2905.256,2943.379,47.62927,0,47.5,0.970459,-0.037109,0.010498,-3.076336,-0.89313,-0.603053,-87.72408,-74.2039,26.64765,False,0,0,0,0,0,True,True,False,25665,589,0,589,25664.969696969696,1000
3435002,3435588,3435589,-24108,-23882,61.7977,-226,3262.622,2959.101,2928.454,47.38775,0,47.0,0.965576,-0.040283,0.017578,-2.969466,-0.877863,-0.70229,-87.39359,-66.42514,26.69471,False,0,0,0,0,0,True,True,False,26343,586,1,587,26340.363636363636,1000
3435675,3436263,3436264,-24088,-23882,61.7977,-206,2863.911,2889.735,2940.452,47.58191,0,47.5,0.96875,-0.039063,0.016113,-3.19084,-0.816794,-0.618321,-87.50223,-67.58369,26.64765,False,0,0,0,0,0,True,True,False,27016,588,1,589,27015.757575757576,1000
3436350,3436938,3436939,-24105,-23882,61.7977,-223,2882.267,2882.105,2920.596,47.2606,0,47.0,0.969971,-0.037354,0.009521,-3.068702,-0.870229,-0.572519,-87.72398,-75.69955,26.64765,False,0,0,0,0,0,True,True,False,27691,588,1,589,27691.151515151516,1000
3437025,3437614,3437615,-24107,-23882,61.7977,-225,2740.827,2885.324,2905.527,47.01675,0,47.0,0.973389,-0.03418,0.009277,-3.030534,-1.022901,-0.793893,-87.91603,-74.81399,26.74176,False,0,0,0,0,0,True,True,False,28366,589,1,590,28366.545454545452,1000
3437701,3438289,3438290,-24115,-23882,61.7977,-233,3341.752,2960.451,2897.617,46.88876,0,47.0,0.973877,-0.041992,0.013184,-2.839695,-0.763359,-0.679389,-87.41216,-72.56997,26.69471,False,0,0,0,0,0,True,True,False,29042,588,1,589,29041.939393939392,1000
3438377,3438965,3438966,-24100,-23882,61.7977,-218,2683.689,2943.652,2922.217,47.28682,0,47.0,0.967041,-0.032959,0.013916,-3.068702,-0.824428,-0.419847,-87.88107,-67.10929,26.64765,False,0,0,0,0,0,True,True,False,29718,588,1,589,29717.333333333332,1000
3439052,3439640,3439641,-24107,-23882,61.7977,-225,3233.647,3001.247,2930.609,47.42262,0,47.5,0.97168,-0.041504,0.014648,-3.076336,-1.083969,-0.503817,-87.40631,-70.5598,26.55353,False,0,0,0,0,0,True,True,False,30393,588,1,589,30392.727272727272,1000
3439727,3440316,3440316,-24106,-23882,61.7977,-224,3206.445,2993.222,2958.264,47.87012,0,48.0,0.977783,-0.041504,0.014893,-3.099237,-0.832061,-0.832061,-87.41769,-70.26066,26.55353,False,0,0,0,0,0,True,True,False,31068,589,0,589,31068.121212121212,1000
3440404,3440991,3440992,-24103,-23882,61.7977,-221,2870.292,2994.134,2971.95,48.09159,0,48.0,0.973877,-0.037842,0.009277,-3.160305,-0.916031,-0.572519,-87.70876,-76.22481,26.64765,False,0,0,0,0,0,True,True,False,31745,587,1,588,31743.515151515152,1000
3441078,3441666,3441667,-24110,-23882,61.7977,-228,3490.285,3080.993,2980.635,48.23213,0,48.0,0.979004,-0.044922,0.014893,-2.916031,-0.770992,-0.946565,-87.23221,-71.65836,26.64765,False,0,0,0,0,0,True,True,False,32419,588,1,589,32418.90909090909,1000
3441754,3442342,3442343,-24069,-23882,61.7977,-187,2608.93,3062.151,3019.925,48.86792,0,49.0,0.969482,-0.040283,0.013428,-3.022901,-1.061069,-0.770992,-87.49191,-71.56489,26.69471,False,0,0,0,0,0,True,True,False,33095,588,1,589,33094.30303030303,1000
3442429,3443017,3443018,-24078,-23882,61.7977,-196,2715.859,2972.738,3036.457,49.13543,0,49.0,0.970947,-0.04126,0.008789,-2.992366,-0.78626,-0.687023,-87.51199,-77.97454,26.69471,False,0,0,0,0,0,True,True,False,33770,588,1,589,33769.69696969697,1000
3443104,3443693,3443693,-24112,-23882,61.7977,-230,3430.73,3079.458,3011.51,48.73176,0,49.0,0.971924,-0.04248,0.01709,-2.877863,-0.969466,-0.564886,-87.30247,-68.08498,26.55353,False,0,0,0,0,0,True,True,False,34445,589,0,589,34445.09090909091,1000
3443779,3444368,3444369,-24096,-23882,61.7977,-214,2838.927,3023.07,3038.112,49.16222,0,49.0,0.98877,-0.03833,0.013672,-2.885496,-0.900763,-0.832061,-87.64297,-70.36913,26.64765,False,0,0,0,0,0,True,True,False,35120,589,1,590,35120.48484848485,1000
3444455,3445043,3445044,-24112,-23882,61.7977,-230,2891.883,2978.132,3032.223,49.06692,0,49.0,0.967529,-0.033936,0.014648,-3.053435,-0.916031,-0.648855,-87.81201,-66.65218,26.55353,False,0,0,0,0,0,True,True,False,35796,588,1,589,35795.878787878784,1000
3445131,3445719,3445720,-24083,-23882,61.7977,-201,2644.632,2945.895,3011.046,48.72425,0,49.0,0.968994,-0.037354,0.012695,-3.030534,-0.748092,-0.793893,-87.66833,-71.22852,26.55353,False,0,0,0,0,0,True,True,False,36472,588,1,589,36471.27272727273,1000
3445806,3446394,3446395,-24098,-23882,61.7977,-216,2679.208,2830.026,2985.54,48.3115,0,48.0,0.96582,-0.032715,0.015381,-3.145038,-0.778626,-0.679389,-87.85625,-64.81932,26.55353,False,0,0,0,0,0,True,True,False,37147,588,1,589,37146.666666666664,1000
3446481,3447069,3447070,-24117,-23882,61.7977,-235,2893.904,2870.737,2924.656,47.32629,0,47.0,0.966553,-0.032959,0.013916,-3.061069,-0.755725,-0.450382,-87.88,-67.10929,26.64765,False,0,0,0,0,0,True,True,False,37822,588,1,589,37822.06060606061,1000
3447156,3447745,3447746,-24096,-23882,61.7977,-214,3097.164,2925.209,2903.547,46.9847,0,47.0,0.969238,-0.042725,0.011475,-2.870229,-0.923664,-0.732824,-87.38647,-74.96657,26.60059,False,0,0,0,0,0,True,True,False,38497,589,1,590,38497.454545454544,1000
3447832,3448420,3448421,-24085,-23882,61.7977,-203,2935.823,2854.508,2912.028,47.12194,0,47.0,0.974365,-0.039795,0.019775,-2.954198,-1.022901,-0.48855,-87.38853,-63.57558,26.60059,False,0,0,0,0,0,True,True,False,39173,588,1,589,39172.84848484848,1000
3448507,3449096,3449097,-24127,-23882,61.7977,-245,3378.431,2931.58,2889.509,46.75754,0,47.0,0.965576,-0.038574,0.015869,-3.015267,-0.916031,-0.267176,-87.52628,-67.63795,26.55353,False,0,0,0,0,0,True,True,False,39848,589,1,590,39848.242424242424,1000
3449183,3449771,3449772,-24096,-23882,61.7977,-214,2499.617,2875.542,2905.979,47.02407,0,47.0,0.973145,-0.031006,0.01123,-3.083969,-0.847328,-0.717557,-88.05895,-70.08921,26.74176,False,0,0,0,0,0,True,True,False,40524,588,1,589,40523.63636363636,1000
3449858,3450446,3450447,-24125,-23882,61.7977,-243,3170.503,2950.666,2894.063,46.83124,0,47.0,0.968506,-0.036865,0.012695,-2.931298,-0.900763,-0.854962,-87.69444,-70.99762,26.55353,False,0,0,0,0,0,True,True,False,41199,588,1,589,41199.030303030304,1000
3450533,3451122,3451123,-24102,-23882,61.7977,-220,3008.51,2997.709,2916.223,47.18983,0,47.0,0.973145,-0.039307,0.013672,-2.977099,-0.977099,-0.755725,-87.55104,-70.82083,26.55353,False,0,0,0,0,0,True,True,False,41874,589,1,590,41874.42424242424,1000
3451209,3451797,3451798,-24103,-23882,61.7977,-221,2867.139,2993.886,2948.125,47.70607,0,48.0,0.967041,-0.035645,0.014893,-3.122137,-0.977099,-0.610687,-87.7122,-67.32427,26.55353,False,0,0,0,0,0,True,True,False,42550,588,1,589,42549.818181818184,1000
3451884,3452472,3452473,-24115,-23882,61.7977,-233,2769.55,2947.084,2966.04,47.99597,0,48.0,0.983643,-0.031738,0.013184,-3.099237,-0.931298,-0.549618,-87.99875,-67.4426,26.64765,False,0,0,0,0,0,True,True,False,43225,588,1,589,43225.21212121212,1000
3452559,3453148,3453149,-24089,-23882,61.7977,-207,2669.958,2909.103,2958.619,47.87587,0,48.0,0.956543,-0.034424,0.015869,-3.0,-1.137405,-0.687023,-87.73048,-65.25048,26.60059,False,0,0,0,0,0,True,True,False,43900,589,1,590,43900.60606060606,1000
3453234,3453823,3453824,-24087,-23882,61.7977,-205,2586.73,2796.003,2939.233,47.56218,0,47.5,0.962158,-0.034424,0.013428,-2.938931,-0.755725,-0.519084,-87.80053,-68.69053,26.60059,False,0,0,0,0,0,True,True,False,44575,589,1,590,44576.0,1000
3453910,3454498,3454499,-24114,-23882,61.7977,-232,3412.02,2926.346,2883.158,46.65479,0,46.5,0.976074,-0.042969,0.014404,-2.946565,-0.946565,-0.59542,-87.34148,-71.46728,26.60059,False,0,0,0,0,0,True,True,False,45251,588,1,589,45251.393939393936,1000
3454585,3455174,3455175,-24082,-23882,61.7977,-200,2786.768,2871.527,2900.066,46.92839,0,47.0,0.974365,-0.038818,0.017578,-2.923664,-1.083969,-0.900763,-87.49562,-65.6374,26.55353,False,0,0,0,0,0,True,True,False,45926,589,1,590,45926.78787878788,1000
3455262,3455849,3455850,-24107,-23882,61.7977,-225,2762.922,2836.443,2888.893,46.74758,0,47.0,0.976074,-0.032959,0.014404,-3.0,-1.015267,-0.526718,-87.88936,-66.39274,26.69471,False,0,0,0,0,0,True,True,False,46603,587,1,588,46602.181818181816,1000
3455936,3456525,3456525,-24125,-23882,61.7977,-243,3163.15,2878.73,2868.359,46.4153,0,46.5,0.967041,-0.036133,0.01416,-3.0,-0.80916,-0.625954,-87.70169,-68.60003,26.60059,False,0,0,0,0,0,True,True,False,47277,589,0,589,47277.57575757576,1000
3456611,3457200,3457201,-24115,-23882,61.7977,-233,2933.277,2902.119,2872.419,46.48101,0,46.5,0.976318,-0.0354,0.011963,-2.969466,-0.923664,-0.641221,-87.80796,-71.32813,26.55353,False,0,0,0,0,0,True,True,False,47952,589,1,590,47952.969696969696,1000
3457287,3457875,3457876,-24071,-23882,61.7977,-189,2765.768,2915.807,2884.047,46.66916,0,46.5,0.973145,-0.042969,0.013184,-2.89313,-0.938931,-0.755725,-87.35541,-72.94286,26.60059,False,0,0,0,0,0,True,True,False,48628,588,1,589,48628.36363636363,1000
3457962,3458551,3458551,-24114,-23882,61.7977,-232,3058.706,2983.232,2896.481,46.87037,0,47.0,0.972168,-0.036377,0.015869,-2.877863,-0.916031,-0.435115,-87.66206,-66.43102,26.60059,False,0,0,0,0,0,True,True,False,49303,589,0,589,49303.757575757576,1000
3458638,3459226,3459227,-24101,-23882,61.7977,-219,2668.135,2876.962,2930.444,47.41995,0,47.5,0.970703,-0.032471,0.013916,-3.076336,-1.015267,-0.725191,-87.91554,-66.80125,26.55353,False,0,0,0,0,0,True,True,False,49979,588,1,589,49979.15151515151,1000
3459313,3459901,3459902,-24068,-23882,61.7977,-186,2626.386,2854.051,2909.506,47.08113,0,47.0,0.982422,-0.040039,0.017334,-2.839695,-0.763359,-0.732824,-87.45692,-66.59077,26.60059,False,0,0,0,0,0,True,True,False,50654,588,1,589,50654.545454545456,1000
3459988,3460577,3460578,-24089,-23882,61.7977,-207,2567.933,2826.195,2887.795,46.72982,0,47.0,0.974121,-0.032471,0.016602,-3.061069,-0.89313,-0.412214,-87.85579,-62.92019,26.60059,False,0,0,0,0,0,True,True,False,51329,589,1,590,51329.93939393939,1000
3460664,3461252,3461253,-24083,-23882,61.7977,-201,2802.256,2774.639,2863.679,46.33957,0,46.0,0.977051,-0.037109,0.02124,-3.045802,-0.862595,-0.572519,-87.494,-60.2144,26.55353,False,0,0,0,0,0,True,True,False,52005,588,1,589,52005.33333333333,1000
3461339,3461927,3461928,-24092,-23882,61.7977,-210,2774.863,2752.008,2828.82,45.77548,0,46.0,0.975586,-0.034424,0.020264,-2.839695,-1.045802,-0.770992,-87.65514,-59.51656,26.50647,False,0,0,0,0,0,True,True,False,52680,588,1,589,52680.72727272727,1000
3462014,3462603,3462604,-24110,-23882,61.7977,-228,3122.551,2802.977,2798.748,45.28887,0,45.0,0.971436,-0.038574,0.015625,-2.969466,-0.854962,-0.78626,-87.54661,-67.94878,26.55353,False,0,0,0,0,0,True,True,False,53355,589,1,590,53356.12121212121,1000
3462690,3463278,3463279,-24109,-23882,61.7977,-227,3213.858,2825.142,2800.404,45.31567,0,45.0,0.977295,-0.040039,0.01709,-2.984733,-0.885496,-0.847328,-87.44923,-66.88564,26.60059,False,0,0,0,0,0,True,True,False,54031,588,1,589,54031.51515151515,1000
3463365,3463954,3463954,-24100,-23882,61.7977,-218,2784.793,2841.807,2810.089,45.47239,0,45.5,0.974365,-0.035645,0.013428,-2.984733,-0.80916,-0.458015,-87.76113,-69.35783,26.55353,False,0,0,0,0,0,True,True,False,54706,589,0,589,54706.90909090909,1000
3464041,3464629,3464630,-24120,-23882,61.7977,-238,3317.437,2940.529,2822.507,45.67333,0,45.5,0.970947,-0.037598,0.019775,-2.954198,-0.877863,-0.824428,-87.49458,-62.25665,26.50647,False,0,0,0,0,0,True,True,False,55382,588,1,589,55382.30303030303,1000
3464716,3465304,3465305,-24099,-23882,61.7977,-217,2699.599,2959.338,2868.712,46.42102,0,46.5,0.967041,-0.033691,0.013672,-2.984733,-0.916031,-0.633588,-87.84655,-67.91267,26.55353,False,0,0,0,0,0,True,True,False,56057,588,1,589,56057.69696969697,1000
3465392,3465980,3465981,-24117,-23882,61.7977,-235,3791.99,3100.729,2904.192,46.99516,0,47.0,0.970703,-0.046631,0.015869,-3.007634,-0.900763,-1.0,-87.09489,-71.20567,26.60059,False,0,0,0,0,0,True,True,False,56733,588,1,589,56733.090909090904,1000
3466066,3466655,3466656,-24096,-23882,61.7977,-214,3025.531,3136.539,2981.136,48.24025,0,48.0,0.973877,-0.041016,0.013916,-3.19084,-0.938931,-0.312977,-87.45331,-71.25849,26.64765,False,0,0,0,0,0,True,True,False,57407,589,1,590,57408.48484848485,1000
3466742,3467331,3467331,-24105,-23882,61.7977,-223,2781.931,3087.879,3041.976,49.22475,0,49.0,0.970459,-0.031738,0.018311,-3.10687,-1.022901,-0.412214,-87.83752,-60.01822,26.55353,False,0,0,0,0,0,True,True,False,58083,589,0,589,58083.878787878784,1000
3467418,3468006,3468007,-24113,-23882,61.7977,-231,2974.886,3053.74,3059.947,49.51555,0,49.5,0.978027,-0.035156,0.016113,-3.099237,-1.007634,-0.740458,-87.7354,-65.37628,26.60059,False,0,0,0,0,0,True,True,False,58759,588,1,589,58759.27272727273,1000
3468093,3468681,3468682,-24078,-23882,61.7977,-196,2559.662,3021.578,3057.517,49.47622,0,49.5,0.967285,-0.036865,0.012695,-3.007634,-0.900763,-0.870229,-87.69153,-70.99762,26.55353,False,0,0,0,0,0,True,True,False,59434,588,1,589,59434.666666666664,1000
3468768,3469357,3469357,-24079,-23882,61.7977,-197,2617.95,2921.652,3043.447,49.24855,0,49.0,0.971436,-0.037842,0.013184,-2.923664,-0.938931,-0.519084,-87.63763,-70.79216,26.50647,False,0,0,0,0,0,True,True,False,60109,589,0,589,60110.06060606061,1000
3469445,3470032,3470033,-24092,-23882,61.7977,-210,2984.626,2962.369,2995.764,48.47695,0,48.5,0.973877,-0.040283,0.016602,-3.152672,-0.80916,-0.572519,-87.43816,-67.60224,26.60059,False,0,0,0,0,0,True,True,False,60786,587,1,588,60785.454545454544,1000
3470119,3470707,3470708,-24093,-23882,61.7977,-211,2886.321,2832.988,2982.69,48.26539,0,48.0,0.970703,-0.038574,0.015381,-2.977099,-0.961832,-0.503817,-87.55013,-68.26098,26.55353,False,0,0,0,0,0,True,True,False,61460,588,1,589,61460.84848484848,1000
3470795,3471383,3471384,-24121,-23882,61.7977,-239,3441.223,2892.373,2924.082,47.317,0,47.0,0.979981,-0.04248,0.013184,-3.015267,-1.007634,-0.740458,-87.40105,-72.75837,26.55353,False,0,0,0,0,0,True,True,False,62136,588,1,589,62136.242424242424,1000
3471470,3472058,3472059,-24099,-23882,61.7977,-217,2623.81,2869.783,2911.667,47.11612,0,47.0,0.973877,-0.033691,0.009521,-2.900763,-0.984733,-0.793893,-87.9409,-74.21908,26.45941,False,0,0,0,0,0,True,True,False,62811,588,1,589,62811.63636363636,1000
3472145,3472734,3472735,-24107,-23882,61.7977,-225,2813.111,2846.673,2895.27,46.85077,0,47.0,0.975586,-0.035645,0.009766,-3.167939,-0.862595,-0.603053,-87.8303,-74.67831,26.45941,False,0,0,0,0,0,True,True,False,63486,589,1,590,63487.030303030304,1000
3472822,3473409,3473410,-24095,-23882,61.7977,-213,3073.11,2920.022,2876.244,46.5429,0,46.5,0.967529,-0.039795,0.018799,-2.984733,-1.0,-0.480916,-87.39528,-64.71414,26.55353,False,0,0,0,0,0,True,True,False,64163,587,1,588,64162.42424242424,1000
3473496,3474085,3474086,-24112,-23882,61.7977,-230,2862.689,2954.985,2893.383,46.82024,0,47.0,0.973633,-0.03418,0.013184,-2.923664,-1.145038,-0.557252,-87.84499,-68.9075,26.45941,False,0,0,0,0,0,True,True,False,64837,589,1,590,64837.81818181818,1000
3474172,3474760,3474761,-24114,-23882,61.7977,-232,2966.958,2952.461,2917.5,47.2105,0,47.0,0.979981,-0.036377,0.012207,-2.862595,-0.946565,-0.618321,-87.75756,-71.4496,26.60059,False,0,0,0,0,0,True,True,False,65513,588,1,589,65513.21212121212,1000
3474847,3475436,3475437,-24123,-23882,61.7977,-241,3135.113,2988.003,2931.188,47.43198,0,47.5,0.972412,-0.037109,0.011963,-2.923664,-0.801527,-0.931298,-87.70369,-72.13215,26.55353,False,0,0,0,0,0,True,True,False,66188,589,1,590,66188.60606060606,1000
3475523,3476111,3476112,-24090,-23882,61.7977,-208,2866.593,2905.913,2953.431,47.79192,0,48.0,0.968018,-0.040039,0.011963,-2.946565,-0.732824,-0.717557,-87.52795,-73.36471,26.50647,False,0,0,0,0,0,True,True,False,66864,588,1,589,66864.0,1000
