tBeforeMeasure,tAfterMeasure,tAfterAlgo,realValue_WU,OFFSET,relativeVal_WU,realValue_WU_AngleAdj,realValue,realValueFiltered,correctedValueFiltered,Ax,Ay,Az,Gx,Gy,Gz,thetadeg,phideg,myTmp,realWeight
22291.0,22829.0,22829.0,19908.0,19910.0,-2.0,-2.0,-0.04679,-0.24933,0.0,296.0,16356.0,440.0,5787.0,-97.0,-203.0,-1.04,-1.54,25.09,2000
22985.0,23523.0,23524.0,19909.0,19910.0,-1.0,-1.0,-0.02339,-0.17004,0.0,356.0,16404.0,336.0,5776.0,-68.0,-221.0,-1.24,-1.17,25.05,2000
23679.0,24217.0,24218.0,19909.0,19910.0,-1.0,-1.0,-0.02339,-0.11263,0.0,308.0,16352.0,372.0,5765.0,-81.0,-211.0,-1.08,-1.3,25.09,2000
24374.0,24911.0,24912.0,19887.0,19910.0,-23.0,-23.0,-0.53806,-0.07769,0.0,352.0,16340.0,364.0,5764.0,-51.0,-205.0,-1.23,-1.28,25.14,2000
25068.0,25606.0,25606.0,19904.0,19910.0,-6.0,-6.0,-0.14036,-0.25793,0.0,292.0,16408.0,400.0,5784.0,-87.0,-188.0,-1.02,-1.4,25.14,2000
25762.0,26300.0,26301.0,19909.0,19910.0,-1.0,-1.0,-0.02339,-0.2119,0.0,272.0,16428.0,508.0,5784.0,-76.0,-191.0,-0.95,-1.77,25.14,2000
26456.0,26994.0,26995.0,19911.0,19910.0,1.0,1.0,0.02339,-0.1381,0.0,308.0,16340.0,320.0,5785.0,-51.0,-236.0,-1.08,-1.12,25.14,2000
27151.0,27689.0,27689.0,19907.0,19910.0,-3.0,-3.0,-0.07018,-0.07488,0.0,328.0,16392.0,372.0,5811.0,-74.0,-185.0,-1.15,-1.3,25.09,2000
27845.0,28383.0,28384.0,19913.0,19910.0,3.0,3.0,0.07018,-0.07304,0.0,260.0,16400.0,332.0,5799.0,-85.0,-241.0,-0.91,-1.16,24.95,2000
28539.0,29077.0,29078.0,19903.0,19910.0,-7.0,-7.0,-0.16376,-0.01697,0.0,288.0,16316.0,396.0,5805.0,-57.0,-188.0,-1.01,-1.39,25.09,2000
29234.0,29771.0,29772.0,19926.0,19910.0,16.0,16.0,0.3743,-0.07444,0.0,252.0,16456.0,336.0,5788.0,-59.0,-203.0,-0.88,-1.17,25.09,2000
29928.0,30466.0,30466.0,19900.0,19910.0,-10.0,-10.0,-0.23394,0.10125,0.0,248.0,16356.0,444.0,5780.0,-61.0,-187.0,-0.87,-1.55,25.14,2000
30622.0,31160.0,31161.0,19883.0,19910.0,-27.0,-27.0,-0.63164,-0.02998,0.0,208.0,16428.0,276.0,5768.0,-85.0,-191.0,-0.73,-0.96,25.24,2000
31317.0,31855.0,31855.0,19895.0,19910.0,-15.0,-15.0,-0.35091,-0.26553,0.0,184.0,16420.0,360.0,5787.0,-73.0,-210.0,-0.64,-1.26,25.19,2000
32011.0,32549.0,32550.0,19888.0,19910.0,-22.0,-22.0,-0.51467,-0.29895,0.0,280.0,16396.0,396.0,5778.0,-102.0,-192.0,-0.98,-1.38,25.05,2000
32706.0,33244.0,33244.0,19930.0,19910.0,20.0,20.0,0.46788,-0.38341,0.0,252.0,16348.0,364.0,5771.0,-53.0,-235.0,-0.88,-1.28,25.09,2000
33400.0,33938.0,33939.0,19909.0,19910.0,-1.0,-1.0,-0.02339,-0.05013,0.0,328.0,16380.0,340.0,5794.0,-67.0,-182.0,-1.15,-1.19,25.09,2000
34095.0,34633.0,34633.0,19900.0,19910.0,-10.0,-10.0,-0.23394,-0.03966,0.0,228.0,16372.0,196.0,5811.0,-75.0,-205.0,-0.8,-0.69,25.14,2000
34789.0,35327.0,35328.0,19898.0,19910.0,-12.0,-12.0,-0.28073,-0.11572,0.0,244.0,16260.0,416.0,5797.0,-65.0,-190.0,-0.86,-1.47,25.09,2000
35484.0,36022.0,36022.0,19896.0,19910.0,-14.0,-14.0,-0.32752,-0.18032,0.0,236.0,16380.0,412.0,5773.0,-58.0,-165.0,-0.83,-1.44,25.14,2000
36178.0,36716.0,36717.0,19930.0,19910.0,20.0,20.0,0.46788,-0.23795,0.0,200.0,16372.0,268.0,5776.0,-97.0,-205.0,-0.7,-0.94,25.09,2000
36872.0,37411.0,37411.0,19890.0,19910.0,-20.0,-20.0,-0.46788,0.03838,0.0,364.0,16392.0,416.0,5761.0,-77.0,-193.0,-1.27,-1.45,25.09,2000
37567.0,38105.0,38106.0,19940.0,19910.0,30.0,30.0,0.70182,-0.15982,0.0,196.0,16480.0,316.0,5774.0,-43.0,-211.0,-0.68,-1.1,25.05,2000
38261.0,38800.0,38800.0,19915.0,19910.0,5.0,5.0,0.11697,0.17751,0.0,260.0,16480.0,424.0,5779.0,-69.0,-180.0,-0.9,-1.47,25.19,2000
38956.0,39494.0,39495.0,19906.0,19910.0,-4.0,-4.0,-0.09358,0.15381,0.0,216.0,16468.0,412.0,5772.0,-72.0,-198.0,-0.75,-1.43,25.19,2000
39650.0,40188.0,40189.0,19893.0,19910.0,-17.0,-17.0,-0.3977,0.05696,0.0,348.0,16408.0,384.0,5787.0,-68.0,-225.0,-1.21,-1.34,25.14,2000
40345.0,40883.0,40884.0,19921.0,19910.0,11.0,11.0,0.25733,-0.12104,0.0,380.0,16352.0,448.0,5785.0,-64.0,-185.0,-1.33,-1.57,25.19,2000
41039.0,41577.0,41578.0,19909.0,19910.0,-1.0,-1.0,-0.02339,0.02709,0.0,288.0,16312.0,396.0,5763.0,-105.0,-220.0,-1.01,-1.39,25.09,2000
41734.0,42272.0,42273.0,19882.0,19910.0,-28.0,-28.0,-0.65503,0.00733,0.0,308.0,16324.0,416.0,5795.0,-56.0,-180.0,-1.08,-1.46,25.19,2000
42429.0,42966.0,42967.0,19914.0,19910.0,4.0,4.0,0.09358,-0.25199,0.0,216.0,16312.0,380.0,5791.0,-69.0,-213.0,-0.76,-1.33,25.05,2000
43123.0,43661.0,43662.0,19903.0,19910.0,-7.0,-7.0,-0.16376,-0.1167,0.0,344.0,16356.0,488.0,5794.0,-60.0,-173.0,-1.2,-1.71,25.19,2000
43817.0,44355.0,44356.0,19907.0,19910.0,-3.0,-3.0,-0.07018,-0.13512,0.0,268.0,16304.0,304.0,5780.0,-67.0,-212.0,-0.94,-1.07,25.09,2000
44512.0,45050.0,45051.0,19898.0,19910.0,-12.0,-12.0,-0.28073,-0.1097,0.0,232.0,16356.0,436.0,5761.0,-32.0,-181.0,-0.81,-1.53,25.09,2000
45207.0,45744.0,45745.0,19886.0,19910.0,-24.0,-24.0,-0.56145,-0.17666,0.0,312.0,16456.0,360.0,5788.0,-89.0,-183.0,-1.09,-1.25,25.19,2000
45901.0,46439.0,46440.0,19906.0,19910.0,-4.0,-4.0,-0.09358,-0.3273,0.0,188.0,16272.0,320.0,5785.0,-73.0,-220.0,-0.66,-1.13,25.09,2000
46595.0,47133.0,47134.0,19911.0,19910.0,1.0,1.0,0.02339,-0.2358,0.0,260.0,16368.0,408.0,5798.0,-52.0,-181.0,-0.91,-1.43,25.14,2000
47289.0,47828.0,47828.0,19909.0,19910.0,-1.0,-1.0,-0.02339,-0.13433,0.0,280.0,16352.0,452.0,5777.0,-40.0,-222.0,-0.98,-1.58,25.14,2000
47984.0,48522.0,48523.0,19909.0,19910.0,-1.0,-1.0,-0.02339,-0.0909,0.0,384.0,16352.0,436.0,5754.0,-65.0,-180.0,-1.34,-1.53,25.14,2000
48678.0,49216.0,49217.0,19910.0,19910.0,0.0,0.0,0.0,-0.06447,0.0,300.0,16468.0,388.0,5774.0,-90.0,-206.0,-1.04,-1.35,25.24,2000
49373.0,49911.0,49911.0,19915.0,19910.0,5.0,5.0,0.11697,-0.03923,0.0,284.0,16408.0,408.0,5764.0,-61.0,-216.0,-0.99,-1.42,25.19,2000
50067.0,50605.0,50606.0,19916.0,19910.0,6.0,6.0,0.14036,0.02192,0.0,232.0,16268.0,252.0,5803.0,-56.0,-182.0,-0.82,-0.89,25.09,2000
50761.0,51300.0,51300.0,19893.0,19910.0,-17.0,-17.0,-0.3977,0.06829,0.0,212.0,16336.0,360.0,5782.0,-71.0,-202.0,-0.74,-1.26,25.14,2000
51456.0,51994.0,51995.0,19907.0,19910.0,-3.0,-3.0,-0.07018,-0.11414,0.0,276.0,16380.0,348.0,5788.0,-89.0,-201.0,-0.97,-1.22,25.09,2000
52150.0,52688.0,52689.0,19916.0,19910.0,6.0,6.0,0.14036,-0.09693,0.0,240.0,16464.0,448.0,5761.0,-61.0,-218.0,-0.83,-1.56,25.14,2000
52845.0,53383.0,53384.0,19916.0,19910.0,6.0,6.0,0.14036,-0.00403,0.0,312.0,16392.0,364.0,5794.0,-62.0,-185.0,-1.09,-1.27,25.19,2000
53539.0,54077.0,54078.0,19921.0,19910.0,11.0,11.0,0.25733,0.0525,0.0,376.0,16380.0,424.0,5787.0,-52.0,-219.0,-1.31,-1.48,25.19,2000
54234.0,54772.0,54772.0,19904.0,19910.0,-6.0,-6.0,-0.14036,0.13269,0.0,280.0,16420.0,344.0,5795.0,-49.0,-204.0,-0.98,-1.2,25.0,2000
54928.0,55466.0,55467.0,19905.0,19910.0,-5.0,-5.0,-0.11697,0.02579,0.0,312.0,16452.0,456.0,5789.0,-67.0,-191.0,-1.09,-1.59,25.14,2000
55622.0,56160.0,56161.0,19911.0,19910.0,1.0,1.0,0.02339,-0.0301,0.0,328.0,16328.0,488.0,5788.0,-82.0,-214.0,-1.15,-1.71,25.19,2000
56317.0,56855.0,56855.0,19896.0,19910.0,-14.0,-14.0,-0.32752,-0.00916,0.0,324.0,16420.0,296.0,5762.0,-33.0,-182.0,-1.13,-1.03,25.14,2000
57011.0,57549.0,57550.0,19925.0,19910.0,15.0,15.0,0.35091,-0.13379,0.0,276.0,16376.0,288.0,5793.0,-61.0,-206.0,-0.97,-1.01,25.09,2000
57705.0,58243.0,58244.0,19909.0,19910.0,-1.0,-1.0,-0.02339,0.05597,0.0,280.0,16364.0,340.0,5779.0,-65.0,-185.0,-0.98,-1.19,25.09,2000
58400.0,58938.0,58938.0,19923.0,19910.0,13.0,13.0,0.30412,0.0249,0.0,248.0,16336.0,356.0,5791.0,-68.0,-200.0,-0.87,-1.25,25.14,2000
59094.0,59632.0,59633.0,19914.0,19910.0,4.0,4.0,0.09358,0.13421,0.0,240.0,16340.0,384.0,5820.0,-102.0,-204.0,-0.84,-1.35,25.09,2000
59788.0,60326.0,60327.0,19898.0,19910.0,-12.0,-12.0,-0.28073,0.1183,0.0,244.0,16420.0,228.0,5773.0,-58.0,-176.0,-0.85,-0.8,25.05,2000
60483.0,61021.0,61021.0,19907.0,19910.0,-3.0,-3.0,-0.07018,-0.03792,0.0,312.0,16344.0,440.0,5797.0,-88.0,-215.0,-1.09,-1.54,25.19,2000
61177.0,61715.0,61716.0,19906.0,19910.0,-4.0,-4.0,-0.09358,-0.05055,0.0,316.0,16360.0,440.0,5775.0,-49.0,-183.0,-1.11,-1.54,25.19,2000
61872.0,62409.0,62410.0,19893.0,19910.0,-17.0,-17.0,-0.3977,-0.06739,0.0,312.0,16352.0,376.0,5764.0,-80.0,-227.0,-1.09,-1.32,25.05,2000
62566.0,63104.0,63104.0,19891.0,19910.0,-19.0,-19.0,-0.44448,-0.19671,0.0,292.0,16432.0,576.0,5774.0,-91.0,-167.0,-1.02,-2.01,25.05,2000
63260.0,63798.0,63799.0,19889.0,19910.0,-21.0,-21.0,-0.49127,-0.29371,0.0,332.0,16376.0,444.0,5753.0,-79.0,-218.0,-1.16,-1.55,25.09,2000
63955.0,64492.0,64493.0,19907.0,19910.0,-3.0,-3.0,-0.07018,-0.37106,0.0,232.0,16392.0,468.0,5782.0,-82.0,-217.0,-0.81,-1.64,25.05,2000
64649.0,65187.0,65187.0,19891.0,19910.0,-19.0,-19.0,-0.44448,-0.25326,0.0,264.0,16328.0,252.0,5796.0,-86.0,-190.0,-0.93,-0.88,25.09,2000
65343.0,65881.0,65882.0,19909.0,19910.0,-1.0,-1.0,-0.02339,-0.32813,0.0,268.0,16364.0,368.0,5774.0,-88.0,-208.0,-0.94,-1.29,25.09,2000
66038.0,66575.0,66576.0,19898.0,19910.0,-12.0,-12.0,-0.28073,-0.20882,0.0,216.0,16260.0,380.0,5767.0,-79.0,-193.0,-0.76,-1.34,25.09,2000
66732.0,67270.0,67270.0,19884.0,19910.0,-26.0,-26.0,-0.60824,-0.23697,0.0,264.0,16424.0,472.0,5796.0,-76.0,-206.0,-0.92,-1.65,25.14,2000
67426.0,67964.0,67965.0,19916.0,19910.0,6.0,6.0,0.14036,-0.38233,0.0,296.0,16292.0,420.0,5776.0,-58.0,-187.0,-1.04,-1.48,25.05,2000
68120.0,68658.0,68659.0,19901.0,19910.0,-9.0,-9.0,-0.21055,-0.17769,0.0,292.0,16424.0,340.0,5793.0,-84.0,-200.0,-1.02,-1.19,25.14,2000
68815.0,69353.0,69353.0,19898.0,19910.0,-12.0,-12.0,-0.28073,-0.19055,0.0,204.0,16420.0,380.0,5749.0,-78.0,-210.0,-0.71,-1.33,25.05,2000
69509.0,70047.0,70048.0,19925.0,19910.0,15.0,15.0,0.35091,-0.22586,0.0,300.0,16408.0,336.0,5775.0,-85.0,-195.0,-1.05,-1.17,25.0,2000
70203.0,70741.0,70742.0,19910.0,19910.0,0.0,0.0,0.0,-5e-05,0.0,280.0,16384.0,512.0,5808.0,-85.0,-217.0,-0.98,-1.79,25.14,2000
70897.0,71435.0,71436.0,19913.0,19910.0,3.0,3.0,0.07018,-3e-05,0.0,368.0,16376.0,404.0,5790.0,-67.0,-185.0,-1.29,-1.41,25.14,2000
71592.0,72130.0,72130.0,19905.0,19910.0,-5.0,-5.0,-0.11697,0.02746,0.0,352.0,16320.0,456.0,5797.0,-57.0,-237.0,-1.24,-1.6,25.14,2000
72286.0,72824.0,72825.0,19916.0,19910.0,6.0,6.0,0.14036,-0.02909,0.0,172.0,16368.0,400.0,5755.0,-79.0,-150.0,-0.6,-1.4,25.19,2000
72980.0,73518.0,73519.0,19898.0,19910.0,-12.0,-12.0,-0.28073,0.03725,0.0,316.0,16452.0,460.0,5786.0,-57.0,-256.0,-1.1,-1.6,25.19,2000
73675.0,74213.0,74213.0,19900.0,19910.0,-10.0,-10.0,-0.23394,-0.08724,0.0,288.0,16340.0,596.0,5774.0,-82.0,-201.0,-1.01,-2.09,25.05,2000
74369.0,74907.0,74908.0,19906.0,19910.0,-4.0,-4.0,-0.09358,-0.14467,0.0,344.0,16312.0,208.0,5764.0,-67.0,-113.0,-1.21,-0.73,25.09,2000
75064.0,75601.0,75602.0,19903.0,19910.0,-7.0,-7.0,-0.16376,-0.12467,0.0,340.0,16408.0,316.0,5791.0,-73.0,-214.0,-1.19,-1.1,25.09,2000
75758.0,76296.0,76296.0,19921.0,19910.0,11.0,11.0,0.25733,-0.13997,0.0,332.0,16492.0,620.0,5754.0,-86.0,-254.0,-1.15,-2.15,25.09,2000
76452.0,76990.0,76991.0,19892.0,19910.0,-18.0,-18.0,-0.42109,0.01557,0.0,168.0,16440.0,460.0,5779.0,-81.0,-240.0,-0.59,-1.6,25.09,2000
77147.0,77684.0,77685.0,19910.0,19910.0,0.0,0.0,0.0,-0.15538,0.0,204.0,16332.0,468.0,5774.0,-64.0,-123.0,-0.72,-1.64,25.09,2000
77841.0,78379.0,78379.0,19914.0,19910.0,4.0,4.0,0.09358,-0.09455,0.0,260.0,16400.0,304.0,5781.0,-63.0,-154.0,-0.91,-1.06,25.14,2000
78535.0,79073.0,79074.0,19912.0,19910.0,2.0,2.0,0.04679,-0.0209,0.0,360.0,16352.0,288.0,5762.0,-23.0,-196.0,-1.26,-1.01,25.09,2000
79229.0,79768.0,79768.0,19891.0,19910.0,-19.0,-19.0,-0.44448,0.0056,0.0,368.0,16380.0,444.0,5800.0,-38.0,-244.0,-1.29,-1.55,25.19,2000
79924.0,80462.0,80463.0,19889.0,19910.0,-21.0,-21.0,-0.49127,-0.17061,0.0,192.0,16344.0,376.0,5780.0,-68.0,-214.0,-0.67,-1.32,25.09,2000
80619.0,81156.0,81157.0,19919.0,19910.0,9.0,9.0,0.21055,-0.29615,0.0,204.0,16324.0,396.0,5760.0,-52.0,-144.0,-0.72,-1.39,25.09,2000
81312.0,81851.0,81851.0,19898.0,19910.0,-12.0,-12.0,-0.28073,-0.09778,0.0,304.0,16324.0,424.0,5781.0,-51.0,-205.0,-1.07,-1.49,25.09,2000
82007.0,82545.0,82546.0,19889.0,19910.0,-21.0,-21.0,-0.49127,-0.1694,0.0,256.0,16500.0,212.0,5793.0,-78.0,-180.0,-0.89,-0.74,25.14,2000
82702.0,83239.0,83240.0,19933.0,19910.0,23.0,23.0,0.53806,-0.29541,0.0,308.0,16372.0,416.0,5783.0,-83.0,-227.0,-1.08,-1.46,25.09,2000
83396.0,83934.0,83934.0,19917.0,19910.0,7.0,7.0,0.16376,0.03089,0.0,332.0,16372.0,384.0,5777.0,-63.0,-214.0,-1.16,-1.34,25.05,2000
84090.0,84628.0,84629.0,19910.0,19910.0,0.0,0.0,0.0,0.08291,0.0,252.0,16372.0,460.0,5807.0,-78.0,-185.0,-0.88,-1.61,25.14,2000
84784.0,85322.0,85323.0,19928.0,19910.0,18.0,18.0,0.42109,0.05045,0.0,312.0,16328.0,424.0,5783.0,-85.0,-198.0,-1.09,-1.49,25.19,2000
85479.0,86017.0,86017.0,19893.0,19910.0,-17.0,-17.0,-0.3977,0.19556,0.0,240.0,16456.0,424.0,5785.0,-88.0,-178.0,-0.84,-1.48,25.14,2000
86173.0,86711.0,86712.0,19933.0,19910.0,23.0,23.0,0.53806,-0.0367,0.0,292.0,16412.0,136.0,5826.0,-48.0,-232.0,-1.02,-0.47,25.14,2000
86867.0,87405.0,87406.0,19919.0,19910.0,9.0,9.0,0.21055,0.18832,0.0,272.0,16476.0,344.0,5763.0,-73.0,-204.0,-0.95,-1.2,25.24,2000
87562.0,88100.0,88100.0,19907.0,19910.0,-3.0,-3.0,-0.07018,0.19702,0.0,340.0,16480.0,524.0,5757.0,-93.0,-221.0,-1.18,-1.82,25.09,2000
88256.0,88794.0,88795.0,19916.0,19910.0,6.0,6.0,0.14036,0.09241,0.0,292.0,16364.0,400.0,5782.0,-62.0,-185.0,-1.02,-1.4,25.09,2000
88950.0,89489.0,89489.0,19892.0,19910.0,-18.0,-18.0,-0.42109,0.11118,0.0,332.0,16408.0,464.0,5799.0,-102.0,-202.0,-1.16,-1.62,25.05,2000
89645.0,90183.0,90184.0,19911.0,19910.0,1.0,1.0,0.02339,-0.0972,0.0,304.0,16420.0,364.0,5767.0,-67.0,-225.0,-1.06,-1.27,25.09,2000
90339.0,90877.0,90878.0,19926.0,19910.0,16.0,16.0,0.3743,-0.04999,0.0,328.0,16444.0,484.0,5781.0,-80.0,-193.0,-1.14,-1.69,25.14,2000
91034.0,91572.0,91573.0,19922.0,19910.0,12.0,12.0,0.28073,0.11612,0.0,272.0,16356.0,256.0,5788.0,-66.0,-228.0,-0.95,-0.9,25.05,2000
