tBeforeMeasure,tAfterMeasure,tAfterAlgo,realValue_WU,OFFSET,calibrationFactor,relativeVal_WU,realValue_WU_AngleAdj,realValue,realValueFiltered,correctedValueFiltered,myAx,myAy,myAz,myGx,myGy,myGz,thetadeg,phideg,myTmp,realWeight,timeNorm
24156.0,24689.0,24690.0,-66849.0,-66871.0,42.746101,22.0,22.0,0.51467,0.64888,0.0,-0.0,-0.06,1.0,46.05,-0.18,-1.58,0.15,-3.67,24.11,104,0.0
24850.0,25383.0,25384.0,-66849.0,-66871.0,42.746101,22.0,22.0,0.51467,0.59634,0.0,-0.0,-0.06,1.0,45.76,-0.48,-1.4,0.01,-3.33,24.2,104,694.0
25544.0,26077.0,26078.0,-66833.0,-66871.0,42.746101,38.0,38.0,0.88898,0.56436,0.0,0.0,-0.06,1.0,45.99,-0.53,-1.43,-0.21,-3.61,24.06,104,1388.0
26238.0,26771.0,26772.0,-66841.0,-66871.0,42.746101,30.0,30.0,0.70182,0.69145,0.0,-0.0,-0.07,1.0,45.88,-0.57,-1.48,0.1,-4.05,24.29,104,2082.0
26932.0,27465.0,27466.0,-66842.0,-66871.0,42.746101,29.0,29.0,0.67843,0.69551,0.0,0.0,-0.05,1.0,45.88,-0.54,-1.37,-0.1,-2.87,24.2,104,2776.0
27626.0,28159.0,28160.0,-66836.0,-66871.0,42.746101,35.0,35.0,0.81879,0.68882,0.0,-0.0,-0.06,1.0,45.95,-0.36,-1.64,0.14,-3.19,24.2,104,3470.0
28320.0,28853.0,28854.0,-66854.0,-66871.0,42.746101,17.0,17.0,0.3977,0.7397,0.0,0.0,-0.07,0.99,45.85,-0.11,-1.5,-0.01,-4.27,24.15,104,4164.0
29014.0,29547.0,29548.0,-66838.0,-66871.0,42.746101,33.0,33.0,0.772,0.60581,0.0,-0.0,-0.06,0.99,45.99,-0.42,-1.53,0.06,-3.66,24.2,104,4858.0
29708.0,30241.0,30242.0,-66866.0,-66871.0,42.746101,5.0,5.0,0.11697,0.67087,0.0,-0.0,-0.07,1.0,46.04,-0.37,-1.63,0.03,-3.83,24.25,104,5552.0
30402.0,30935.0,30936.0,-66832.0,-66871.0,42.746101,39.0,39.0,0.91236,0.45402,0.0,0.0,-0.07,1.0,45.94,-0.53,-1.56,-0.06,-4.21,24.15,104,6246.0
31096.0,31629.0,31630.0,-66830.0,-66871.0,42.746101,41.0,41.0,0.95916,0.63346,0.0,0.0,-0.07,1.0,46.03,-0.35,-1.47,-0.19,-4.05,24.29,104,6940.0
31790.0,32324.0,32324.0,-66841.0,-66871.0,42.746101,30.0,30.0,0.70182,0.76097,0.0,-0.0,-0.06,1.0,45.82,-0.47,-1.48,0.15,-3.6,24.2,104,7634.0
32484.0,33018.0,33018.0,-66844.0,-66871.0,42.746101,27.0,27.0,0.63165,0.73781,0.0,-0.01,-0.07,0.98,45.95,-0.5,-1.29,0.44,-4.06,24.2,104,8328.0
33178.0,33712.0,33712.0,-66832.0,-66871.0,42.746101,39.0,39.0,0.91239,0.69625,0.0,-0.01,-0.06,1.0,45.74,-0.37,-1.47,0.45,-3.62,24.2,104,9022.0
33872.0,34406.0,34406.0,-66854.0,-66871.0,42.746101,17.0,17.0,0.3977,0.78087,0.0,-0.0,-0.06,1.0,46.14,-0.43,-1.68,0.25,-3.68,24.25,104,9716.0
34566.0,35100.0,35100.0,-66818.0,-66871.0,42.746101,53.0,53.0,1.23988,0.63086,0.0,0.0,-0.06,1.0,45.86,-0.44,-1.62,-0.08,-3.7,24.29,104,10410.0
35260.0,35794.0,35794.0,-66818.0,-66871.0,42.746101,53.0,53.0,1.23988,0.86929,0.0,0.0,-0.07,1.0,46.08,-0.37,-1.42,-0.06,-3.77,24.2,104,11104.0
35954.0,36488.0,36488.0,-66860.0,-66871.0,42.746101,11.0,11.0,0.25733,1.01438,0.0,0.0,-0.06,1.0,45.82,-0.3,-1.61,-0.01,-3.48,24.25,104,11798.0
36648.0,37182.0,37182.0,-66843.0,-66871.0,42.746101,28.0,28.0,0.65503,0.71799,0.0,-0.0,-0.06,1.0,46.05,-0.51,-1.6,0.03,-3.38,24.25,104,12492.0
37342.0,37876.0,37876.0,-66854.0,-66871.0,42.746101,17.0,17.0,0.3977,0.69334,0.0,-0.0,-0.07,1.0,46.03,-0.21,-1.73,0.21,-3.84,24.25,104,13186.0
38036.0,38570.0,38570.0,-66839.0,-66871.0,42.746101,32.0,32.0,0.74861,0.5776,0.0,0.0,-0.07,1.0,45.69,-0.37,-1.41,-0.04,-3.91,24.2,104,13880.0
38730.0,39264.0,39264.0,-66875.0,-66871.0,42.746101,-4.0,-4.0,-0.09358,0.64455,0.0,-0.0,-0.07,1.0,45.98,-0.38,-1.53,0.1,-3.78,24.25,104,14574.0
39424.0,39958.0,39958.0,-39132.0,-66871.0,42.746101,27739.0,27739.36,648.93317,648.93317,649.0,-0.01,-0.06,1.0,45.79,-0.27,-1.57,0.31,-3.23,24.25,104,15268.0
40120.0,40652.0,40652.0,102670.0,-66871.0,42.746101,169541.0,169541.02,3966.2334,3966.2334,3966.0,-0.0,-0.05,1.0,45.8,-0.19,-1.44,0.03,-3.01,24.15,104,15964.0
40814.0,41346.0,41346.0,159904.0,-66871.0,42.746101,226775.0,226775.06,5305.16357,5305.16357,5305.0,0.0,-0.06,1.0,45.95,-0.38,-1.62,-0.04,-3.72,24.25,104,16658.0
41508.0,42040.0,42040.0,152558.0,-66871.0,42.746101,219429.0,221560.02,5183.16309,5183.16309,5183.0,-0.14,-0.03,0.93,48.42,-8.41,-3.66,8.29,-1.76,24.29,104,17352.0
42202.0,42734.0,42734.0,39918.0,-66871.0,42.746101,106789.0,106789.0,2498.21606,2498.21606,2498.0,0.0,-0.06,1.0,45.8,-0.41,-1.48,-0.01,-3.36,24.25,104,18046.0
42896.0,43428.0,43428.0,150288.0,-66871.0,42.746101,217159.0,217159.48,5080.21729,5080.21729,5080.0,-0.0,-0.06,1.0,46.02,-0.45,-1.59,0.13,-3.34,24.15,104,18740.0
43590.0,44122.0,44122.0,168566.0,-66871.0,42.746101,235437.0,235440.72,5507.8877,5507.8877,5508.0,-0.01,-0.07,1.0,45.98,-0.72,-1.51,0.34,-3.75,24.2,104,19434.0
44284.0,44816.0,44816.0,169231.0,-66871.0,42.746101,236102.0,236102.0,5523.35742,5523.35742,5523.0,0.0,-0.07,1.0,45.87,-0.31,-1.38,0.0,-4.09,24.25,104,20128.0
44978.0,45510.0,45511.0,170375.0,-66871.0,42.746101,237246.0,237246.66,5550.13574,5550.13574,5550.0,-0.0,-0.07,1.0,45.98,-0.44,-1.53,0.14,-4.06,24.25,104,20822.0
45672.0,46204.0,46205.0,169098.0,-66871.0,42.746101,235969.0,235972.69,5520.33252,5520.33252,5520.0,-0.01,-0.07,1.0,45.66,-0.38,-1.52,0.33,-4.03,24.29,104,21516.0
46366.0,46898.0,46899.0,168255.0,-66871.0,42.746101,235126.0,235126.52,5500.53711,5500.53711,5500.5,-0.0,-0.06,1.0,45.73,-0.6,-1.47,0.13,-3.55,24.2,104,22210.0
47061.0,47592.0,47593.0,167988.0,-66871.0,42.746101,234859.0,234859.41,5494.28857,5494.28857,5494.0,0.0,-0.06,1.0,45.79,-0.33,-1.41,-0.11,-3.42,24.29,104,22905.0
47755.0,48286.0,48287.0,168458.0,-66871.0,42.746101,235329.0,235329.42,5505.28369,5505.28369,5505.0,-0.0,-0.06,1.0,45.86,-0.19,-1.6,0.11,-3.68,24.25,104,23599.0
48449.0,48980.0,48981.0,168278.0,-66871.0,42.746101,235149.0,235149.06,5501.06445,5505.28369,5505.0,-0.0,-0.06,1.0,45.87,-0.49,-1.66,0.04,-3.36,24.2,104,24293.0
49143.0,49674.0,49675.0,167417.0,-66871.0,42.746101,234288.0,234288.0,5480.9209,5480.9209,5481.0,0.0,-0.06,1.0,45.78,-0.4,-1.44,0.0,-3.72,24.29,104,24987.0
49837.0,50368.0,50369.0,167801.0,-66871.0,42.746101,234672.0,234672.03,5489.90479,5489.90479,5490.0,-0.0,-0.07,1.0,45.84,-0.18,-1.38,0.03,-4.0,24.25,104,25681.0
50531.0,51062.0,51063.0,167004.0,-66871.0,42.746101,233875.0,233880.08,5471.37793,5471.37793,5471.0,-0.01,-0.06,0.99,45.88,-0.5,-1.54,0.39,-3.43,24.15,104,26375.0
51225.0,51756.0,51757.0,166712.0,-66871.0,42.746101,233583.0,233583.11,5464.43066,5464.43066,5464.5,-0.0,-0.06,1.0,45.88,-0.63,-1.53,0.06,-3.36,24.2,104,27069.0
51919.0,52450.0,52451.0,165852.0,-66871.0,42.746101,232723.0,232726.34,5444.3877,5444.3877,5444.0,0.01,-0.07,1.0,45.74,-0.53,-1.51,-0.32,-3.77,24.2,104,27763.0
52613.0,53144.0,53145.0,165653.0,-66871.0,42.746101,232524.0,232524.16,5439.65771,5444.3877,5444.0,0.0,-0.07,1.0,45.67,-0.29,-1.5,-0.07,-3.78,24.25,104,28457.0
53307.0,53838.0,53839.0,165774.0,-66871.0,42.746101,232645.0,232645.23,5442.49023,5442.53564,5442.5,-0.0,-0.06,1.0,46.01,-0.6,-1.49,0.08,-3.56,24.34,104,29151.0
54001.0,54532.0,54533.0,165196.0,-66871.0,42.746101,232067.0,232067.0,5428.96289,5428.96289,5429.0,0.0,-0.06,1.0,45.92,-0.4,-1.64,0.0,-3.49,24.34,104,29845.0
54695.0,55227.0,55227.0,164908.0,-66871.0,42.746101,231779.0,231779.09,5422.22754,5422.22754,5422.0,0.0,-0.07,1.0,45.92,-0.32,-1.53,-0.06,-3.76,24.25,104,30539.0
55389.0,55921.0,55921.0,165041.0,-66871.0,42.746101,231912.0,231912.03,5425.3374,5422.22754,5422.0,-0.0,-0.06,1.0,45.9,-0.27,-1.53,0.03,-3.34,24.25,104,31233.0
56083.0,56615.0,56615.0,165055.0,-66871.0,42.746101,231926.0,231926.0,5425.66455,5423.44531,5423.5,0.0,-0.07,1.0,45.85,-0.4,-1.55,-0.01,-4.01,24.29,104,31927.0
56777.0,57309.0,57309.0,165115.0,-66871.0,42.746101,231986.0,231990.58,5427.17529,5424.31396,5424.0,0.01,-0.06,1.0,45.85,-0.5,-1.53,-0.38,-3.59,24.25,104,32621.0
57471.0,58003.0,58003.0,167837.0,-66871.0,42.746101,234708.0,234710.31,5490.80029,5490.80029,5491.0,0.0,-0.07,1.0,45.73,-0.44,-1.55,-0.27,-3.81,24.2,104,33315.0
58165.0,58697.0,58698.0,171537.0,-66871.0,42.746101,238408.0,238408.23,5577.30957,5577.30957,5577.0,0.0,-0.07,1.0,46.0,-0.44,-1.51,-0.08,-3.79,24.2,104,34009.0
58859.0,59391.0,59392.0,167674.0,-66871.0,42.746101,234545.0,234545.53,5486.9458,5486.9458,5487.0,0.0,-0.07,0.99,45.79,0.24,-1.37,-0.13,-3.98,24.25,104,34703.0
59553.0,60085.0,60086.0,159960.0,-66871.0,42.746101,226831.0,226831.3,5306.479,5306.479,5306.5,-0.0,-0.06,1.0,46.02,-0.36,-1.56,0.1,-3.59,24.15,104,35397.0
60248.0,60779.0,60780.0,166256.0,-66871.0,42.746101,233127.0,233127.64,5453.77539,5453.77539,5454.0,0.0,-0.07,1.0,45.89,-0.79,-1.64,-0.14,-4.0,24.2,104,36092.0
60942.0,61473.0,61474.0,165859.0,-66871.0,42.746101,232730.0,232732.08,5444.52197,5444.52197,5444.5,-0.0,-0.06,0.99,46.02,-0.35,-1.38,0.25,-3.71,24.25,104,36786.0
61636.0,62167.0,62168.0,161393.0,-66871.0,42.746101,228264.0,228264.0,5339.99561,5339.99561,5340.0,-0.0,-0.06,1.0,45.96,-0.58,-1.41,0.01,-3.35,24.25,104,37480.0
62330.0,62861.0,62862.0,156852.0,-66871.0,42.746101,223723.0,223727.75,5233.875,5233.875,5234.0,0.01,-0.07,1.0,45.88,-0.39,-1.51,-0.39,-3.74,24.25,104,38174.0
63024.0,63555.0,63556.0,157551.0,-66871.0,42.746101,224422.0,224422.88,5250.13672,5250.13672,5250.0,-0.0,-0.07,1.0,45.89,-0.51,-1.43,0.17,-3.79,24.2,104,38868.0
63718.0,64249.0,64250.0,162796.0,-66871.0,42.746101,229667.0,229667.16,5372.82129,5372.82129,5373.0,0.0,-0.06,1.0,45.78,-0.28,-1.5,-0.07,-3.34,24.29,104,39562.0
64412.0,64943.0,64944.0,163325.0,-66871.0,42.746101,230196.0,230196.06,5385.19434,5385.19434,5385.0,0.0,-0.05,1.0,46.02,-0.24,-1.41,-0.04,-3.06,24.25,104,40256.0
65106.0,65637.0,65638.0,162814.0,-66871.0,42.746101,229685.0,229686.41,5373.27148,5373.27148,5373.0,-0.0,-0.07,1.0,45.89,-0.37,-1.55,0.21,-4.14,24.2,104,40950.0
65800.0,66331.0,66332.0,163766.0,-66871.0,42.746101,230637.0,230639.53,5395.56885,5395.56885,5395.5,0.0,-0.06,1.0,45.94,-0.45,-1.64,-0.28,-3.57,24.25,104,41644.0
66494.0,67026.0,67026.0,163722.0,-66871.0,42.746101,230593.0,230593.11,5394.48291,5395.56885,5395.5,0.0,-0.07,0.99,46.02,-0.35,-1.36,-0.06,-3.78,24.29,104,42338.0
67188.0,67720.0,67720.0,163252.0,-66871.0,42.746101,230123.0,230124.25,5383.51416,5383.51416,5383.5,-0.0,-0.06,0.99,45.76,-0.69,-1.68,0.2,-3.54,24.39,104,43032.0
67882.0,68414.0,68414.0,163768.0,-66871.0,42.746101,230639.0,230640.63,5395.59424,5395.59424,5395.5,-0.0,-0.06,0.99,45.99,-0.19,-1.51,0.22,-3.65,24.25,104,43726.0
68576.0,69108.0,69108.0,163446.0,-66871.0,42.746101,230317.0,230317.0,5388.02344,5388.02344,5388.0,-0.0,-0.06,0.99,45.8,-0.45,-1.37,0.01,-3.66,24.29,104,44420.0
69270.0,69802.0,69802.0,164061.0,-66871.0,42.746101,230932.0,230932.06,5402.41211,5402.41211,5402.5,0.0,-0.05,0.99,45.95,-0.41,-1.48,-0.04,-3.09,24.25,104,45114.0
69964.0,70496.0,70496.0,165142.0,-66871.0,42.746101,232013.0,232013.92,5427.72119,5427.72119,5428.0,-0.0,-0.05,1.0,45.78,-0.52,-1.51,0.17,-2.99,24.25,104,45808.0
70658.0,71190.0,71190.0,166135.0,-66871.0,42.746101,233006.0,233008.53,5450.98926,5450.98926,5451.0,0.0,-0.06,1.0,45.85,-0.4,-1.49,-0.28,-3.62,24.29,104,46502.0
71352.0,71884.0,71885.0,165948.0,-66871.0,42.746101,232819.0,232819.06,5446.55664,5450.98926,5451.0,0.0,-0.06,0.99,45.93,-0.34,-1.41,-0.04,-3.55,24.29,104,47196.0
72046.0,72578.0,72579.0,165898.0,-66871.0,42.746101,232769.0,232769.41,5445.39502,5449.25391,5449.0,-0.0,-0.06,0.99,45.9,-0.31,-1.41,0.11,-3.37,24.29,104,47890.0
72740.0,73272.0,73273.0,166045.0,-66871.0,42.746101,232916.0,232921.75,5448.95898,5447.74316,5448.0,0.01,-0.06,1.0,45.99,-0.4,-1.59,-0.42,-3.46,24.25,104,48584.0
73434.0,73966.0,73967.0,165308.0,-66871.0,42.746101,232179.0,232181.55,5431.64258,5431.64258,5431.5,-0.0,-0.05,1.0,46.05,-0.37,-1.53,0.28,-3.08,24.25,104,49278.0
74129.0,74660.0,74661.0,165046.0,-66871.0,42.746101,231917.0,231917.63,5425.46826,5425.46826,5425.5,-0.0,-0.07,1.0,45.75,-0.72,-1.47,0.14,-3.89,24.39,104,49973.0
74823.0,75354.0,75355.0,166344.0,-66871.0,42.746101,233215.0,233215.09,5455.82129,5455.82129,5456.0,0.0,-0.06,1.0,46.05,-0.53,-1.56,-0.06,-3.35,24.29,104,50667.0
75517.0,76048.0,76049.0,165973.0,-66871.0,42.746101,232844.0,232846.28,5447.19336,5447.19336,5447.0,0.0,-0.06,1.0,45.86,-0.38,-1.52,-0.26,-3.39,24.29,104,51361.0
76211.0,76742.0,76743.0,165627.0,-66871.0,42.746101,232498.0,232498.64,5439.06055,5439.06055,5439.0,-0.0,-0.05,1.0,45.89,-0.34,-1.49,0.14,-3.01,24.34,104,52055.0
76905.0,77436.0,77437.0,165387.0,-66871.0,42.746101,232258.0,232258.92,5433.45264,5433.45264,5433.5,0.0,-0.06,1.0,45.84,-0.49,-1.62,-0.17,-3.43,24.25,104,52749.0
77599.0,78130.0,78131.0,164645.0,-66871.0,42.746101,231516.0,231516.31,5416.08008,5416.08008,5416.0,-0.0,-0.06,1.0,45.94,-0.27,-1.6,0.1,-3.41,24.34,104,53443.0
78293.0,78824.0,78825.0,162599.0,-66871.0,42.746101,229470.0,229470.03,5368.20947,5368.20947,5368.0,-0.0,-0.06,1.0,45.98,-0.5,-1.72,0.03,-3.57,24.29,104,54137.0
78987.0,79518.0,79519.0,164642.0,-66871.0,42.746101,231513.0,231513.11,5416.00537,5416.00537,5416.0,-0.0,-0.07,1.0,46.06,-0.18,-1.5,0.06,-4.03,24.29,104,54831.0
79681.0,80212.0,80213.0,164528.0,-66871.0,42.746101,231399.0,231399.03,5413.33643,5416.00537,5416.0,-0.0,-0.06,1.0,46.06,-0.29,-1.37,0.03,-3.71,24.15,104,55525.0
80375.0,80906.0,80907.0,164882.0,-66871.0,42.746101,231753.0,231753.0,5421.61719,5421.61719,5421.5,0.0,-0.06,1.0,46.1,-0.17,-1.66,0.0,-3.62,24.25,104,56219.0
81069.0,81600.0,81601.0,165023.0,-66871.0,42.746101,231894.0,231895.23,5424.94482,5421.61719,5421.5,-0.0,-0.07,1.0,45.82,-0.51,-1.63,0.2,-4.25,24.29,104,56913.0
81763.0,82294.0,82295.0,164499.0,-66871.0,42.746101,231370.0,231370.63,5412.67187,5412.67187,5412.5,-0.0,-0.07,1.0,45.88,-0.4,-1.55,0.14,-3.73,24.25,104,57607.0
82457.0,82989.0,82989.0,165338.0,-66871.0,42.746101,232209.0,232209.77,5432.30273,5432.30273,5432.0,0.0,-0.06,1.0,45.93,-0.17,-1.47,-0.15,-3.7,24.29,104,58301.0
83151.0,83683.0,83683.0,164707.0,-66871.0,42.746101,231578.0,231578.64,5417.53809,5417.53809,5417.5,0.0,-0.06,1.0,45.89,-0.43,-1.61,-0.14,-3.63,24.29,104,58995.0
83845.0,84377.0,84377.0,165578.0,-66871.0,42.746101,232449.0,232450.08,5437.9248,5437.9248,5438.0,-0.0,-0.06,1.0,45.84,-0.42,-1.47,0.18,-3.27,24.2,104,59689.0
84539.0,85071.0,85071.0,170163.0,-66871.0,42.746101,237034.0,237038.05,5545.25537,5545.25537,5545.0,0.01,-0.07,1.0,45.87,-0.44,-1.42,-0.35,-4.05,24.25,104,60383.0
85233.0,85765.0,85766.0,170512.0,-66871.0,42.746101,237383.0,237383.0,5553.3252,5553.3252,5553.0,0.0,-0.06,1.0,45.92,-0.24,-1.45,-0.01,-3.21,24.25,104,61077.0
85927.0,86459.0,86460.0,170294.0,-66871.0,42.746101,237165.0,237165.42,5548.23535,5548.23535,5548.0,-0.0,-0.06,1.0,45.79,-0.38,-1.51,0.11,-3.48,24.29,104,61771.0
86621.0,87153.0,87154.0,170026.0,-66871.0,42.746101,236897.0,236897.03,5541.95654,5541.95654,5542.0,-0.0,-0.07,0.99,45.79,-0.55,-1.57,0.03,-3.77,24.15,104,62465.0
87316.0,87847.0,87848.0,170777.0,-66871.0,42.746101,237648.0,237648.03,5559.52539,5559.52539,5559.5,0.0,-0.06,1.0,46.16,-0.59,-1.55,-0.03,-3.4,24.34,104,63160.0
88010.0,88541.0,88542.0,170059.0,-66871.0,42.746101,236930.0,236930.11,5542.73047,5542.73047,5543.0,0.0,-0.07,1.0,45.97,-0.3,-1.5,-0.06,-3.82,24.29,104,63854.0
88704.0,89235.0,89236.0,169899.0,-66871.0,42.746101,236770.0,236771.47,5539.01904,5542.73047,5543.0,0.0,-0.06,1.0,45.95,-0.63,-1.47,-0.21,-3.51,24.25,104,64548.0
89398.0,89929.0,89930.0,169045.0,-66871.0,42.746101,235916.0,235916.31,5519.01367,5519.01367,5519.0,-0.0,-0.06,1.0,45.86,-0.76,-1.63,0.1,-3.18,24.29,104,65242.0
90092.0,90623.0,90624.0,167021.0,-66871.0,42.746101,233892.0,233895.7,5471.74365,5471.74365,5472.0,0.01,-0.06,1.0,45.71,-0.25,-1.39,-0.34,-3.21,24.34,104,65936.0
90786.0,91317.0,91318.0,161452.0,-66871.0,42.746101,228323.0,228324.81,5341.41846,5341.41846,5341.5,-0.0,-0.06,1.0,45.58,-0.27,-1.62,0.24,-3.47,24.29,104,66630.0
91480.0,92012.0,92012.0,165109.0,-66871.0,42.746101,231980.0,232043.81,5428.42041,5428.42041,5428.5,-0.02,-0.16,0.97,45.65,1.09,-0.45,1.4,-9.59,24.39,104,67324.0
92174.0,92705.0,92706.0,76987.0,-66871.0,42.746101,143858.0,143896.0,3366.29541,3366.29541,3366.0,0.02,-0.07,1.0,45.61,1.11,-1.51,-1.37,-4.05,24.34,104,68018.0
92868.0,93400.0,93400.0,66672.0,-66871.0,42.746101,133543.0,133545.48,3124.15601,3124.15601,3124.0,0.01,-0.06,1.0,45.98,-0.48,-1.54,-0.36,-3.34,24.29,104,68712.0
93562.0,94094.0,94094.0,60188.0,-66871.0,42.746101,127059.0,127060.68,2972.45068,2972.45068,2972.5,-0.01,-0.06,1.0,45.94,-0.49,-1.56,0.31,-3.72,24.29,104,69406.0
94256.0,94788.0,94788.0,73261.0,-66871.0,42.746101,140132.0,140133.38,3278.27271,3278.27271,3278.0,0.0,-0.06,1.0,45.87,-0.4,-1.47,-0.26,-3.15,24.34,104,70100.0
94950.0,95482.0,95482.0,73481.0,-66871.0,42.746101,140352.0,140352.14,3283.39038,3283.39038,3283.0,0.0,-0.07,0.99,45.69,-0.7,-1.73,-0.08,-3.85,24.34,104,70794.0
95644.0,96176.0,96176.0,58445.0,-66871.0,42.746101,125316.0,125328.11,2931.91895,2931.91895,2932.0,-0.01,-0.01,1.01,44.95,2.02,-1.15,0.83,-0.43,24.39,104,71488.0
96338.0,96870.0,96870.0,-16772.0,-66871.0,42.746101,50099.0,50099.73,1172.0304,1172.0304,1172.0,0.01,-0.07,0.99,45.82,-0.34,-1.42,-0.32,-4.06,24.29,104,72182.0
97032.0,97564.0,97564.0,-66868.0,-66871.0,42.746101,3.0,3.0,0.07018,0.07018,0.0,0.0,-0.06,1.0,46.04,-0.34,-1.61,-0.08,-3.21,24.29,104,72876.0
97724.0,98258.0,98259.0,-66855.0,-66871.0,42.746101,16.0,16.0,0.3743,0.07018,0.0,-0.0,-0.06,1.0,45.58,-0.58,-1.43,0.11,-3.4,24.29,104,73568.0
98419.0,98952.0,98953.0,-66852.0,-66871.0,42.746101,19.0,19.0,0.44449,0.18925,0.0,0.0,-0.06,1.0,45.78,-0.6,-1.5,-0.04,-3.3,24.29,104,74263.0
99113.0,99646.0,99647.0,-66857.0,-66871.0,42.746101,14.0,14.0,0.32753,0.28917,0.0,0.01,-0.05,1.0,45.55,-0.85,-2.01,-0.63,-3.14,24.34,104,74957.0
99807.0,100340.0,100341.0,-66857.0,-66871.0,42.746101,14.0,14.0,0.32758,0.30419,0.0,0.02,-0.08,1.0,45.75,-0.31,-1.85,-1.23,-4.69,24.34,104,75651.0
100501.0,101034.0,101035.0,-66860.0,-66871.0,42.746101,11.0,11.0,0.25733,0.31335,0.0,0.0,-0.09,1.0,46.17,-1.17,-1.47,-0.14,-5.07,24.34,104,76345.0
101195.0,101728.0,101729.0,-66875.0,-66871.0,42.746101,-4.0,-4.0,-0.09358,0.29142,0.0,-0.0,-0.06,1.0,45.85,-0.99,-1.31,0.24,-3.64,24.25,104,77039.0
101889.0,102422.0,102423.0,-66856.0,-66871.0,42.746101,15.0,15.0,0.35091,0.14069,0.0,0.0,-0.07,0.99,45.94,-0.98,-1.53,-0.11,-3.91,24.39,104,77733.0
102583.0,103116.0,103117.0,-66845.0,-66871.0,42.746101,26.0,26.0,0.60825,0.22299,0.0,0.0,-0.06,1.0,45.75,-0.38,-1.58,-0.2,-3.17,24.39,104,78427.0
103277.0,103811.0,103811.0,-66873.0,-66871.0,42.746101,-2.0,-2.0,-0.04679,0.37382,0.0,-0.01,-0.06,1.0,45.7,-0.24,-1.61,0.29,-3.34,24.2,104,79121.0
103972.0,104505.0,104505.0,-66854.0,-66871.0,42.746101,17.0,17.0,0.3977,0.20915,0.0,0.0,-0.07,0.99,45.95,-0.75,-1.37,-0.11,-4.06,24.29,104,79816.0
104666.0,105199.0,105200.0,-66895.0,-66871.0,42.746101,-24.0,-24.0,-0.56147,0.28297,0.0,0.01,-0.05,1.0,45.59,-0.44,-1.5,-0.45,-2.99,24.34,104,80510.0
105360.0,105893.0,105894.0,-66860.0,-66871.0,42.746101,11.0,11.0,0.25733,-0.04763,0.0,0.0,-0.06,1.0,45.79,-0.27,-1.66,-0.18,-3.27,24.34,104,81204.0
106054.0,106587.0,106588.0,-66857.0,-66871.0,42.746101,14.0,14.0,0.32752,0.07176,0.0,-0.0,-0.07,1.0,45.82,-0.31,-1.51,0.08,-3.88,24.29,104,81898.0
