tBeforeMeasure,tAfterMeasure,tAfterAlgo,realValue_WU,OFFSET,calibrationFactor,relativeVal_WU,realValue_WU_AngleAdj,realValue,realValueFiltered,correctedValueFiltered,myAx,myAy,myAz,myGx,myGy,myGz,thetadeg,phideg,myTmp,realWeight,timeNorm
1312490.0,1313023.0,1313024.0,698.0,754.0,42.746101,-56.0,-56.0,-1.31006,-1.85873,0.0,-0.0,-0.07,1.0,45.27,-0.34,-1.59,0.06,-3.75,24.77,104,0.0
1313184.0,1313717.0,1313718.0,694.0,754.0,42.746101,-60.0,-60.0,-1.40364,-1.64393,0.0,-0.0,-0.06,1.0,45.37,-0.29,-1.56,0.14,-3.56,24.67,104,694.0
1313878.0,1314411.0,1314412.0,689.0,754.0,42.746101,-65.0,-65.0,-1.52061,-1.54985,0.0,0.0,-0.06,1.0,45.53,-0.41,-1.56,-0.1,-3.69,24.62,104,1388.0
1314573.0,1315106.0,1315106.0,695.0,754.0,42.746101,-59.0,-59.0,-1.38025,-1.5384,0.0,0.0,-0.07,1.0,45.34,-0.47,-1.39,-0.21,-3.8,24.72,104,2083.0
1315267.0,1315800.0,1315801.0,678.0,754.0,42.746101,-76.0,-76.0,-1.77796,-1.47649,0.0,-0.0,-0.07,0.99,45.34,-0.27,-1.5,0.27,-4.06,24.67,104,2777.0
1315961.0,1316494.0,1316495.0,697.0,754.0,42.746101,-57.0,-57.0,-1.33345,-1.59451,0.0,0.0,-0.06,1.0,45.63,-0.46,-1.24,-0.01,-3.65,24.72,104,3471.0
1316655.0,1317188.0,1317189.0,689.0,754.0,42.746101,-65.0,-65.0,-1.52063,-1.49231,0.0,0.01,-0.06,1.0,45.5,-0.16,-1.71,-0.34,-3.48,24.67,104,4165.0
1317349.0,1317883.0,1317883.0,683.0,754.0,42.746101,-71.0,-71.0,-1.66098,-1.5034,0.0,-0.0,-0.06,1.0,45.35,-0.66,-1.39,0.24,-3.56,24.77,104,4859.0
1318044.0,1318577.0,1318577.0,685.0,754.0,42.746101,-69.0,-69.0,-1.61419,-1.56509,0.0,-0.0,-0.07,1.0,45.53,-0.39,-1.52,0.24,-3.81,24.72,104,5554.0
1318738.0,1319271.0,1319272.0,555.0,754.0,42.746101,-199.0,-199.0,-4.6554,-1.58432,0.0,0.0,-0.07,1.0,45.44,-0.02,-1.66,-0.08,-3.82,24.77,104,6248.0
1319432.0,1319965.0,1319966.0,-1155.0,754.0,42.746101,-1909.0,-1909.0,-44.65908,-44.65908,-44.0,-0.0,-0.06,1.0,45.37,-0.4,-1.53,0.07,-3.49,24.77,104,6942.0
1320127.0,1320659.0,1320660.0,678.0,754.0,42.746101,-76.0,-76.0,-1.77794,-1.77794,0.0,-0.0,-0.06,1.0,45.36,-0.47,-1.56,0.03,-3.66,24.67,104,7637.0
1320821.0,1321354.0,1321354.0,689.0,754.0,42.746101,-65.0,-65.0,-1.52061,-1.77794,0.0,0.0,-0.07,1.0,45.52,-0.21,-1.53,-0.1,-3.81,24.81,104,8331.0
1321515.0,1322048.0,1322049.0,-918.0,754.0,42.746101,-1672.0,-1672.02,-39.1151,-39.1151,-39.0,-0.0,-0.07,1.0,45.4,-0.33,-1.65,0.28,-4.09,24.77,104,9025.0
1322210.0,1322742.0,1322743.0,490.0,754.0,42.746101,-264.0,-264.0,-6.17603,-6.17603,-6.0,0.0,-0.06,1.0,45.66,-0.39,-1.53,-0.2,-3.58,24.67,104,9720.0
1322904.0,1323436.0,1323437.0,697.0,754.0,42.746101,-57.0,-57.0,-1.33346,-6.17603,-6.0,-0.0,-0.07,1.0,45.21,-0.46,-1.42,0.18,-3.74,24.77,104,10414.0
1323598.0,1324131.0,1324131.0,123.0,754.0,42.746101,-631.0,-631.0,-14.76165,-14.76165,-14.0,-0.0,-0.06,1.0,45.53,-0.46,-1.54,0.18,-3.33,24.72,104,11108.0
1324292.0,1324825.0,1324826.0,-377.0,754.0,42.746101,-1131.0,-1131.0,-26.45864,-26.45864,-26.0,-0.0,-0.07,1.0,45.55,-0.66,-1.46,0.15,-3.88,24.72,104,11802.0
1324987.0,1325519.0,1325520.0,703.0,754.0,42.746101,-51.0,-51.0,-1.19309,-1.19309,0.0,-0.0,-0.07,1.0,45.4,-0.47,-1.44,0.03,-4.08,24.81,104,12497.0
1325680.0,1326213.0,1326214.0,668.0,754.0,42.746101,-86.0,-86.0,-2.01188,-1.19309,0.0,0.0,-0.06,1.0,45.47,-0.53,-1.61,-0.03,-3.28,24.81,104,13190.0
1326374.0,1326908.0,1326908.0,1585.0,754.0,42.746101,831.0,831.0,19.44043,19.44043,19.5,0.0,-0.06,1.0,45.25,-0.4,-1.27,-0.15,-3.54,24.77,104,13884.0
1327069.0,1327602.0,1327602.0,666.0,754.0,42.746101,-88.0,-88.0,-2.05867,-2.05867,0.0,-0.0,-0.06,1.0,45.56,-0.4,-1.48,0.07,-3.48,24.72,104,14579.0
1327763.0,1328296.0,1328297.0,697.0,754.0,42.746101,-57.0,-57.0,-1.3335,-2.05867,0.0,-0.01,-0.05,1.0,45.62,-0.35,-1.5,0.52,-3.05,24.72,104,15273.0
1328457.0,1328990.0,1328991.0,676.0,754.0,42.746101,-78.0,-78.0,-1.82474,-1.77477,0.0,-0.0,-0.05,1.0,45.55,-0.37,-1.56,0.2,-3.09,24.62,104,15967.0
1329151.0,1329684.0,1329685.0,1496.0,754.0,42.746101,742.0,742.02,17.35879,17.35879,17.0,-0.01,-0.06,1.0,45.4,-0.44,-1.22,0.45,-3.66,24.67,104,16661.0
1329846.0,1330378.0,1330379.0,636.0,754.0,42.746101,-118.0,-118.0,-2.7605,-2.7605,0.0,0.0,-0.06,1.0,45.48,-0.4,-1.64,-0.17,-3.33,24.77,104,17356.0
1330540.0,1331073.0,1331073.0,641.0,754.0,42.746101,-113.0,-113.0,-2.64352,-2.7605,0.0,0.0,-0.06,1.0,45.44,-0.34,-1.53,0.0,-3.36,24.77,104,18050.0
1331234.0,1331767.0,1331767.0,690.0,754.0,42.746101,-64.0,-64.0,-1.49723,-2.7147,0.0,-0.01,-0.06,0.99,45.44,-0.33,-1.54,0.29,-3.47,24.62,104,18744.0
1331928.0,1332461.0,1332462.0,696.0,754.0,42.746101,-58.0,-58.0,-1.35687,-2.23806,0.0,0.01,-0.06,1.0,45.32,-0.21,-1.51,-0.31,-3.36,24.77,104,19438.0
1332622.0,1333155.0,1333156.0,686.0,754.0,42.746101,-68.0,-68.0,-1.59079,-1.89307,0.0,-0.0,-0.06,1.0,45.43,-0.55,-1.45,0.08,-3.56,24.67,104,20132.0
1333316.0,1333849.0,1333850.0,684.0,754.0,42.746101,-70.0,-70.0,-1.63762,-1.77473,0.0,-0.01,-0.06,1.0,45.32,-0.47,-1.55,0.42,-3.44,24.77,104,20826.0
1334010.0,1334543.0,1334544.0,664.0,754.0,42.746101,-90.0,-90.0,-2.10546,-1.72105,0.0,-0.0,-0.06,1.0,45.44,-0.29,-1.44,0.03,-3.33,24.77,104,21520.0
1334705.0,1335238.0,1335238.0,666.0,754.0,42.746101,-88.0,-88.0,-2.05867,-1.87154,0.0,-0.0,-0.06,0.99,45.53,-0.39,-1.6,0.06,-3.57,24.77,104,22215.0
1335399.0,1335932.0,1335932.0,659.0,754.0,42.746101,-95.0,-95.0,-2.22247,-1.9448,0.0,-0.01,-0.06,1.0,45.39,-0.4,-1.56,0.36,-3.69,24.67,104,22909.0
1336093.0,1336626.0,1336627.0,673.0,754.0,42.746101,-81.0,-81.0,-1.89492,-2.05351,0.0,-0.0,-0.07,1.0,45.49,-0.63,-1.76,0.15,-3.81,24.77,104,23603.0
1336787.0,1337320.0,1337321.0,685.0,754.0,42.746101,-69.0,-69.0,-1.61418,-1.99142,0.0,-0.0,-0.06,1.0,45.44,-0.46,-1.5,0.03,-3.7,24.72,104,24297.0
1337481.0,1338014.0,1338015.0,678.0,754.0,42.746101,-76.0,-76.0,-1.77794,-1.84373,0.0,0.0,-0.06,1.0,45.73,-0.35,-1.63,-0.04,-3.49,24.81,104,24991.0
1338175.0,1338708.0,1338709.0,659.0,754.0,42.746101,-95.0,-95.0,-2.22244,-1.81797,0.0,0.0,-0.06,1.0,45.37,-0.32,-1.42,-0.18,-3.51,24.81,104,25685.0
1338869.0,1339403.0,1339403.0,696.0,754.0,42.746101,-58.0,-58.0,-1.35685,-1.97632,0.0,0.0,-0.07,1.0,45.63,-0.24,-1.55,-0.04,-4.12,24.72,104,26379.0
1339564.0,1340097.0,1340097.0,659.0,754.0,42.746101,-95.0,-95.0,-2.22243,-1.7338,0.0,0.0,-0.06,1.0,45.41,-0.53,-1.51,-0.14,-3.5,24.77,104,27074.0
1340258.0,1340791.0,1340791.0,704.0,754.0,42.746101,-50.0,-50.0,-1.1697,-1.9251,0.0,0.0,-0.06,1.0,45.45,-0.49,-1.47,-0.14,-3.39,24.77,104,27768.0
1340952.0,1341485.0,1341486.0,675.0,754.0,42.746101,-79.0,-79.0,-1.84813,-1.62936,0.0,-0.0,-0.06,1.0,45.3,-0.35,-1.47,0.22,-3.47,24.77,104,28462.0
1341646.0,1342179.0,1342180.0,677.0,754.0,42.746101,-77.0,-77.0,-1.80134,-1.71501,0.0,-0.0,-0.06,1.0,45.27,-0.27,-1.61,0.08,-3.24,24.67,104,29156.0
1342340.0,1342873.0,1342874.0,679.0,754.0,42.746101,-75.0,-75.0,-1.75455,-1.74881,0.0,-0.0,-0.06,1.0,45.43,-0.48,-1.56,0.18,-3.57,24.77,104,29850.0
1343034.0,1343567.0,1343568.0,663.0,754.0,42.746101,-91.0,-91.0,-2.12885,-1.75106,0.0,0.0,-0.07,0.99,45.48,-0.31,-1.56,-0.03,-4.08,24.81,104,30544.0
1343728.0,1344261.0,1344262.0,686.0,754.0,42.746101,-68.0,-68.0,-1.59079,-1.89896,0.0,-0.0,-0.07,0.99,45.31,-0.44,-1.5,0.08,-3.97,24.77,104,31238.0
1344423.0,1344956.0,1344956.0,1191.0,754.0,42.746101,437.0,437.0,10.22323,10.22323,10.0,-0.0,-0.06,0.99,45.35,-0.53,-1.47,0.22,-3.71,24.72,104,31933.0
1345117.0,1345650.0,1345651.0,667.0,754.0,42.746101,-87.0,-87.0,-2.03528,-2.03528,0.0,-0.0,-0.07,1.0,45.38,-0.46,-1.5,0.08,-3.87,24.67,104,32627.0
1345811.0,1346344.0,1346345.0,705.0,754.0,42.746101,-49.0,-49.0,-1.14631,-2.03528,0.0,-0.0,-0.06,1.0,45.54,-0.18,-1.61,0.22,-3.51,24.81,104,33321.0
1346505.0,1347038.0,1347039.0,686.0,754.0,42.746101,-68.0,-68.0,-1.59079,-1.68725,0.0,-0.0,-0.06,1.0,45.34,-0.36,-1.57,0.15,-3.38,24.77,104,34015.0
1347199.0,1347732.0,1347733.0,677.0,754.0,42.746101,-77.0,-77.0,-1.80134,-1.64948,0.0,0.0,-0.07,1.0,45.51,-0.38,-1.74,-0.1,-3.99,24.81,104,34709.0
1347894.0,1348427.0,1348427.0,680.0,754.0,42.746101,-74.0,-74.0,-1.73115,-1.70893,0.0,-0.0,-0.06,1.0,45.36,-0.39,-1.51,0.06,-3.71,24.77,104,35404.0
1348588.0,1349121.0,1349121.0,683.0,754.0,42.746101,-71.0,-71.0,-1.66097,-1.71763,0.0,0.0,-0.07,0.99,45.4,-0.58,-1.65,-0.04,-4.32,24.81,104,36098.0
1349282.0,1349815.0,1349816.0,1149.0,754.0,42.746101,395.0,395.0,9.24062,9.24062,9.0,0.0,-0.07,1.0,45.47,-0.45,-1.59,-0.1,-3.8,24.72,104,36792.0
1349976.0,1350509.0,1350510.0,531.0,754.0,42.746101,-223.0,-223.0,-5.21693,-5.21693,-5.0,-0.01,-0.07,0.99,45.31,-0.35,-1.47,0.32,-3.78,24.72,104,37486.0
1350670.0,1351203.0,1351204.0,677.0,754.0,42.746101,-77.0,-77.0,-1.80134,-5.21693,-5.0,-0.0,-0.06,1.0,45.44,-0.18,-1.63,0.13,-3.64,24.72,104,38180.0
1351365.0,1351897.0,1351898.0,665.0,754.0,42.746101,-89.0,-89.0,-2.08207,-3.87972,0.0,0.0,-0.07,1.0,45.46,-0.43,-1.43,-0.17,-4.07,24.77,104,38875.0
1352059.0,1352592.0,1352592.0,666.0,754.0,42.746101,-88.0,-88.0,-2.05867,-3.17594,0.0,-0.0,-0.06,0.99,45.45,-0.37,-1.45,0.07,-3.36,24.77,104,39569.0
1352753.0,1353286.0,1353286.0,695.0,754.0,42.746101,-59.0,-59.0,-1.38025,-2.73853,0.0,-0.0,-0.06,1.0,45.34,-0.6,-1.46,0.21,-3.35,24.81,104,40263.0
1353447.0,1353980.0,1353981.0,667.0,754.0,42.746101,-87.0,-87.0,-2.03527,-2.20676,0.0,0.0,-0.06,1.0,45.37,-0.6,-1.5,-0.06,-3.4,24.77,104,40957.0
1354141.0,1354674.0,1354675.0,671.0,754.0,42.746101,-83.0,-83.0,-1.9417,-2.13963,0.0,0.0,-0.07,1.0,45.31,-0.44,-1.56,-0.1,-3.8,24.67,104,41651.0
1354835.0,1355368.0,1355369.0,2009.0,754.0,42.746101,1255.0,1255.02,29.35991,29.35991,29.0,0.01,-0.06,0.99,45.4,-0.65,-1.55,-0.35,-3.74,24.81,104,42345.0
1355530.0,1356062.0,1356063.0,722.0,754.0,42.746101,-32.0,-32.0,-0.74861,-0.74861,0.0,0.0,-0.07,1.0,45.38,-0.73,-1.6,-0.08,-3.77,24.77,104,43040.0
1356223.0,1356756.0,1356757.0,827.0,754.0,42.746101,73.0,73.0,1.70776,-0.74861,0.0,0.0,-0.06,1.0,45.5,-0.21,-1.59,-0.13,-3.51,24.86,104,43733.0
1356917.0,1357451.0,1357451.0,649.0,754.0,42.746101,-105.0,-105.0,-2.45638,0.21306,0.0,-0.0,-0.06,1.0,45.39,-0.49,-1.47,0.2,-3.54,24.77,104,44427.0
1357612.0,1358145.0,1358145.0,683.0,754.0,42.746101,-71.0,-71.0,-1.66097,-0.83202,0.0,-0.0,-0.05,1.0,45.46,-0.52,-1.56,0.08,-3.1,24.77,104,45122.0
1358306.0,1358839.0,1358840.0,1412.0,754.0,42.746101,658.0,658.0,15.39328,15.39328,15.0,-0.0,-0.06,1.0,45.5,-0.57,-1.54,0.17,-3.66,24.77,104,45816.0
1359000.0,1359533.0,1359534.0,540.0,754.0,42.746101,-214.0,-214.0,-5.00631,-5.00631,-5.0,-0.0,-0.06,1.0,45.49,-0.32,-1.48,0.04,-3.26,24.81,104,46510.0
1359695.0,1360227.0,1360228.0,697.0,754.0,42.746101,-57.0,-57.0,-1.33345,-5.00631,-5.0,0.0,-0.07,1.0,45.26,-0.27,-1.48,-0.01,-3.76,24.86,104,47205.0
1360389.0,1360922.0,1360922.0,984.0,754.0,42.746101,230.0,230.0,5.38064,5.38064,5.0,0.0,-0.06,1.0,45.53,-0.5,-1.4,-0.2,-3.69,24.77,104,47899.0
1361083.0,1361616.0,1361617.0,709.0,754.0,42.746101,-45.0,-45.0,-1.05273,-1.05273,0.0,-0.0,-0.07,0.99,45.6,-0.42,-1.51,0.18,-4.0,24.77,104,48593.0
1361777.0,1362310.0,1362311.0,1432.0,754.0,42.746101,678.0,678.0,15.86112,15.86112,16.0,-0.0,-0.06,0.99,45.45,-0.49,-1.43,0.1,-3.31,24.81,104,49287.0
1362472.0,1363004.0,1363005.0,687.0,754.0,42.746101,-67.0,-67.0,-1.5674,-1.5674,0.0,-0.0,-0.07,1.01,45.47,-0.32,-1.53,0.06,-3.95,24.72,104,49982.0
1363165.0,1363699.0,1363699.0,668.0,754.0,42.746101,-86.0,-86.0,-2.01192,-1.5674,0.0,-0.01,-0.06,1.0,45.44,-0.36,-1.57,0.39,-3.66,24.77,104,50675.0
1363860.0,1364393.0,1364394.0,711.0,754.0,42.746101,-43.0,-43.0,-1.00594,-1.74143,0.0,-0.0,-0.07,0.99,45.5,-0.56,-1.4,0.14,-4.15,24.81,104,51370.0
1364554.0,1365087.0,1365088.0,677.0,754.0,42.746101,-77.0,-77.0,-1.80134,-1.45349,0.0,-0.0,-0.07,1.0,45.55,-0.45,-1.56,0.17,-3.79,24.72,104,52064.0
1365248.0,1365781.0,1365782.0,744.0,754.0,42.746101,-10.0,-10.0,-0.23394,-1.58967,0.0,0.0,-0.07,0.99,45.31,-0.46,-1.46,-0.04,-3.95,24.77,104,52758.0
1365943.0,1366476.0,1366476.0,2024.0,754.0,42.746101,1270.0,1270.25,29.71608,29.71608,30.0,-0.02,-0.06,1.01,45.6,-0.21,-1.56,1.18,-3.63,24.81,104,53453.0
1366637.0,1367170.0,1367171.0,567.0,754.0,42.746101,-187.0,-187.0,-4.37467,-4.37467,0.0,0.0,-0.06,1.0,45.5,-0.5,-1.5,-0.03,-3.69,24.77,104,54147.0
1367331.0,1367864.0,1367865.0,655.0,754.0,42.746101,-99.0,-99.0,-2.31601,-4.37467,0.0,-0.0,-0.07,1.0,45.32,-0.47,-1.68,0.15,-3.92,24.81,104,54841.0
1368025.0,1368558.0,1368559.0,650.0,754.0,42.746101,-104.0,-104.0,-2.43298,-3.5687,0.0,-0.0,-0.06,1.0,45.37,-0.22,-1.56,0.14,-3.7,24.77,104,55535.0
1368720.0,1369253.0,1369253.0,679.0,754.0,42.746101,-75.0,-75.0,-1.75456,-3.12407,0.0,-0.0,-0.06,1.0,45.56,-0.47,-1.43,0.21,-3.24,24.72,104,56230.0
1369414.0,1369947.0,1369948.0,676.0,754.0,42.746101,-78.0,-78.0,-1.82476,-2.5879,0.0,-0.01,-0.07,1.0,45.53,-0.37,-1.52,0.38,-3.97,24.77,104,56924.0
1370108.0,1370641.0,1370642.0,1488.0,754.0,42.746101,734.0,734.0,17.17116,17.17116,17.0,-0.0,-0.05,1.0,45.31,-0.45,-1.58,0.01,-3.16,24.67,104,57618.0
1370802.0,1371335.0,1371336.0,665.0,754.0,42.746101,-89.0,-89.0,-2.08211,-2.08211,0.0,0.01,-0.07,1.0,45.36,-0.6,-1.37,-0.39,-4.01,24.77,104,58312.0
1371496.0,1372030.0,1372030.0,663.0,754.0,42.746101,-91.0,-91.0,-2.12885,-2.08211,0.0,0.0,-0.06,1.0,45.44,-0.24,-1.55,-0.1,-3.68,24.81,104,59006.0
1372191.0,1372724.0,1372725.0,688.0,754.0,42.746101,-66.0,-66.0,-1.544,-2.10041,0.0,-0.0,-0.06,1.0,45.59,-0.49,-1.42,0.03,-3.63,24.72,104,59701.0
1372885.0,1373418.0,1373419.0,684.0,754.0,42.746101,-70.0,-70.0,-1.63758,-1.88257,0.0,0.0,-0.06,1.0,45.49,-0.53,-1.47,-0.08,-3.72,24.77,104,60395.0
1373579.0,1374112.0,1374113.0,1587.0,754.0,42.746101,833.0,833.01,19.48733,19.48733,19.5,0.0,-0.05,1.0,45.37,-0.44,-1.54,-0.25,-3.11,24.81,104,61089.0
1374274.0,1374807.0,1374807.0,678.0,754.0,42.746101,-76.0,-76.0,-1.77799,-1.77799,0.0,0.01,-0.07,1.0,45.6,-0.46,-1.64,-0.46,-4.13,24.77,104,61784.0
1374968.0,1375501.0,1375502.0,655.0,754.0,42.746101,-99.0,-99.0,-2.316,-1.77799,0.0,0.0,-0.06,1.0,45.33,-0.44,-1.5,-0.01,-3.63,24.77,104,62478.0
1375662.0,1376195.0,1376196.0,670.0,754.0,42.746101,-84.0,-84.0,-1.96509,-1.98862,0.0,-0.0,-0.07,1.0,45.52,-0.5,-1.49,0.08,-3.91,24.77,104,63172.0
1376356.0,1376889.0,1376890.0,1176.0,754.0,42.746101,422.0,422.0,9.87225,9.87225,10.0,0.0,-0.07,1.0,45.57,-0.3,-1.52,0.0,-3.86,24.86,104,63866.0
1377050.0,1377584.0,1377584.0,804.0,754.0,42.746101,50.0,50.0,1.16971,1.16971,0.0,-0.0,-0.06,0.99,45.42,-0.55,-1.43,0.23,-3.41,24.77,104,64560.0
1377744.0,1378278.0,1378279.0,625.0,754.0,42.746101,-129.0,-129.0,-3.01782,1.16971,0.0,-0.0,-0.07,1.0,45.36,-0.47,-1.49,0.06,-3.8,24.86,104,65254.0
1378439.0,1378972.0,1378973.0,631.0,754.0,42.746101,-123.0,-123.0,-2.87746,-0.46971,0.0,-0.0,-0.06,0.99,45.5,-0.5,-1.51,0.1,-3.46,24.77,104,65949.0
1379133.0,1379666.0,1379667.0,678.0,754.0,42.746101,-76.0,-76.0,-1.77796,-1.41234,0.0,0.0,-0.07,0.99,45.47,-0.44,-1.59,-0.25,-3.79,24.77,104,66643.0
1379827.0,1380361.0,1380361.0,-916.0,754.0,42.746101,-1670.0,-1670.01,-39.06805,-39.06805,-39.0,-0.0,-0.06,0.99,45.22,-0.32,-1.48,0.17,-3.55,24.81,104,67337.0
1380523.0,1381055.0,1381056.0,123.0,754.0,42.746101,-631.0,-631.0,-14.76161,-14.76161,-14.0,-0.0,-0.07,1.0,45.53,-0.29,-1.62,0.11,-3.78,24.81,104,68033.0
1381217.0,1381749.0,1381750.0,673.0,754.0,42.746101,-81.0,-81.0,-1.89491,-1.89491,0.0,-0.0,-0.07,1.0,45.42,-0.43,-1.56,0.1,-3.85,24.72,104,68727.0
1381910.0,1382443.0,1382444.0,668.0,754.0,42.746101,-86.0,-86.0,-2.01191,-1.89491,0.0,-0.01,-0.06,0.99,45.32,-0.56,-1.42,0.35,-3.73,24.72,104,69420.0
1382605.0,1383138.0,1383138.0,-1134.0,754.0,42.746101,-1888.0,-1888.06,-44.16908,-44.16908,-44.0,-0.01,-0.05,1.0,45.44,-0.39,-1.61,0.46,-3.12,24.77,104,70115.0
1383300.0,1383832.0,1383833.0,669.0,754.0,42.746101,-85.0,-85.0,-1.9885,-1.9885,0.0,-0.0,-0.07,1.0,45.52,-0.27,-1.67,0.24,-3.87,24.77,104,70810.0
1383993.0,1384526.0,1384527.0,679.0,754.0,42.746101,-75.0,-75.0,-1.75455,-1.9885,0.0,0.0,-0.06,1.0,45.59,-0.53,-1.56,-0.01,-3.31,24.77,104,71503.0
1384687.0,1385221.0,1385221.0,575.0,754.0,42.746101,-179.0,-179.0,-4.18752,-1.89691,0.0,-0.0,-0.07,1.0,45.5,-0.37,-1.52,0.03,-3.98,24.77,104,72197.0
1385382.0,1385915.0,1385916.0,-236.0,754.0,42.746101,-990.0,-990.0,-23.16011,-23.16011,-23.0,-0.0,-0.07,1.0,45.63,-0.39,-1.55,0.18,-3.77,24.81,104,72892.0
1386077.0,1386609.0,1386610.0,693.0,754.0,42.746101,-61.0,-61.0,-1.42703,-1.42703,0.0,0.0,-0.06,0.99,45.68,-0.4,-1.47,-0.06,-3.58,24.81,104,73587.0
1386770.0,1387303.0,1387304.0,671.0,754.0,42.746101,-83.0,-83.0,-1.9417,-1.42703,0.0,-0.0,-0.06,1.0,45.47,-0.46,-1.45,0.08,-3.2,24.77,104,74280.0
1387465.0,1387998.0,1387998.0,667.0,754.0,42.746101,-87.0,-87.0,-2.03527,-1.62852,0.0,0.0,-0.07,1.0,45.4,-0.5,-1.57,-0.01,-3.8,24.81,104,74975.0
1388159.0,1388692.0,1388693.0,-1250.0,754.0,42.746101,-2004.0,-2004.03,-46.88227,-46.88227,-46.0,0.01,-0.06,1.0,45.36,-0.15,-1.55,-0.35,-3.41,24.77,104,75669.0
1388854.0,1389386.0,1389387.0,510.0,754.0,42.746101,-244.0,-244.0,-5.70813,-5.70813,-5.0,0.0,-0.07,1.0,45.44,-0.34,-1.45,-0.06,-3.73,24.86,104,76364.0
1389548.0,1390080.0,1390081.0,662.0,754.0,42.746101,-92.0,-92.0,-2.15231,-5.70813,-5.0,-0.01,-0.06,1.0,45.53,-0.41,-1.5,0.47,-3.6,24.77,104,77058.0
1390242.0,1390775.0,1390775.0,646.0,754.0,42.746101,-108.0,-108.0,-2.52655,-4.31602,0.0,0.0,-0.07,1.0,45.37,-0.18,-1.44,-0.08,-3.94,24.86,104,77752.0
1390936.0,1391469.0,1391470.0,686.0,754.0,42.746101,-68.0,-68.0,-1.59079,-3.61544,0.0,-0.0,-0.07,1.0,45.45,-0.36,-1.64,0.01,-3.9,24.86,104,78446.0
1391630.0,1392163.0,1392164.0,700.0,754.0,42.746101,-54.0,-54.0,-1.26327,-2.82279,0.0,0.0,-0.06,1.0,45.45,-0.55,-1.48,0.0,-3.67,24.77,104,79140.0
1392324.0,1392857.0,1392858.0,670.0,754.0,42.746101,-84.0,-84.0,-1.9651,-2.21224,0.0,-0.0,-0.06,1.0,45.44,-0.32,-1.56,0.17,-3.63,24.77,104,79834.0
1393018.0,1393552.0,1393552.0,668.0,754.0,42.746101,-86.0,-86.0,-2.01188,-2.11548,0.0,-0.0,-0.06,0.99,45.4,-0.32,-1.66,0.08,-3.25,24.72,104,80528.0
1393713.0,1394246.0,1394246.0,665.0,754.0,42.746101,-89.0,-89.0,-2.08207,-2.07492,0.0,0.0,-0.06,1.0,45.52,-0.28,-1.53,-0.17,-3.35,24.77,104,81223.0
1394407.0,1394940.0,1394941.0,678.0,754.0,42.746101,-76.0,-76.0,-1.77795,-2.07772,0.0,0.0,-0.06,1.0,45.24,-0.36,-1.61,-0.15,-3.54,24.81,104,81917.0
1395101.0,1395634.0,1395635.0,680.0,754.0,42.746101,-74.0,-74.0,-1.73117,-1.96036,0.0,-0.0,-0.07,0.99,45.53,-0.5,-1.51,0.25,-3.99,24.72,104,82611.0
1395795.0,1396328.0,1396329.0,659.0,754.0,42.746101,-95.0,-95.0,-2.22243,-1.87063,0.0,0.0,-0.06,1.0,45.55,-0.41,-1.51,-0.1,-3.68,24.77,104,83305.0
1396489.0,1397022.0,1397023.0,662.0,754.0,42.746101,-92.0,-92.0,-2.15225,-2.00836,0.0,-0.0,-0.07,1.0,45.52,-0.45,-1.63,0.1,-3.76,24.91,104,83999.0
1397184.0,1397717.0,1397717.0,-265.0,754.0,42.746101,-1019.0,-1019.0,-23.83846,-23.83846,-23.0,-0.0,-0.07,1.0,45.29,-0.46,-1.54,0.1,-3.77,24.91,104,84694.0
1397879.0,1398411.0,1398411.0,668.0,754.0,42.746101,-86.0,-86.0,-2.01188,-2.01188,0.0,-0.0,-0.06,1.0,45.44,-0.71,-1.5,0.11,-3.67,24.95,104,85389.0
1398572.0,1399105.0,1399106.0,687.0,754.0,42.746101,-67.0,-67.0,-1.56739,-2.01188,0.0,0.0,-0.06,1.0,45.61,-0.49,-1.33,0.0,-3.69,24.91,104,86082.0
1399266.0,1399799.0,1399800.0,668.0,754.0,42.746101,-86.0,-86.0,-2.01189,-1.83787,0.0,-0.0,-0.06,1.0,45.31,-0.56,-1.57,0.21,-3.32,24.77,104,86776.0
1399960.0,1400493.0,1400494.0,676.0,754.0,42.746101,-78.0,-78.0,-1.82473,-1.906,0.0,-0.0,-0.07,1.0,45.4,-0.42,-1.67,0.1,-3.98,24.86,104,87470.0
1400654.0,1401187.0,1401188.0,674.0,754.0,42.746101,-80.0,-80.0,-1.87152,-1.87418,0.0,-0.0,-0.06,1.0,45.62,-0.45,-1.59,0.13,-3.25,24.77,104,88164.0
1401349.0,1401882.0,1401882.0,663.0,754.0,42.746101,-91.0,-91.0,-2.12886,-1.87314,0.0,0.0,-0.06,1.0,45.53,-0.47,-1.53,-0.18,-3.4,24.86,104,88859.0
1402043.0,1402576.0,1402576.0,679.0,754.0,42.746101,-75.0,-75.0,-1.75455,-1.97325,0.0,-0.0,-0.06,1.0,45.57,-0.31,-1.49,0.14,-3.66,24.81,104,89553.0
1402737.0,1403270.0,1403271.0,686.0,754.0,42.746101,-68.0,-68.0,-1.59079,-1.88763,0.0,0.0,-0.07,1.0,45.59,-0.25,-1.51,-0.15,-4.0,24.86,104,90247.0
1403431.0,1403964.0,1403965.0,664.0,754.0,42.746101,-90.0,-90.0,-2.10546,-1.77142,0.0,-0.0,-0.06,1.0,45.45,-0.21,-1.79,0.18,-3.2,24.81,104,90941.0
1404125.0,1404658.0,1404659.0,670.0,754.0,42.746101,-84.0,-84.0,-1.9651,-1.9022,0.0,-0.0,-0.07,1.0,45.41,-0.36,-1.5,0.2,-3.76,24.77,104,91635.0
1404819.0,1405352.0,1405353.0,674.0,754.0,42.746101,-80.0,-80.0,-1.87156,-1.92683,0.0,-0.01,-0.07,1.0,45.55,-0.27,-1.51,0.43,-3.98,24.81,104,92329.0
1405514.0,1406047.0,1406047.0,669.0,754.0,42.746101,-85.0,-85.0,-1.98849,-1.90519,0.0,-0.0,-0.06,1.0,45.64,-0.37,-1.44,0.1,-3.46,24.72,104,93024.0
1406208.0,1406741.0,1406741.0,693.0,754.0,42.746101,-61.0,-61.0,-1.42703,-1.9378,0.0,-0.0,-0.06,1.0,45.56,-0.59,-1.33,0.08,-3.42,24.86,104,93718.0
1406902.0,1407435.0,1407436.0,652.0,754.0,42.746101,-102.0,-102.0,-2.3862,-1.73784,0.0,0.0,-0.06,0.99,45.23,-0.44,-1.58,-0.21,-3.71,24.77,104,94412.0
1407596.0,1408129.0,1408130.0,681.0,754.0,42.746101,-73.0,-73.0,-1.70776,-1.99167,0.0,-0.0,-0.05,1.0,45.4,-0.4,-1.51,0.08,-3.04,24.81,104,95106.0
1408290.0,1408823.0,1408824.0,672.0,754.0,42.746101,-82.0,-82.0,-1.91831,-1.88052,0.0,-0.0,-0.06,1.0,45.31,-0.49,-1.44,0.17,-3.7,24.86,104,95800.0
1408985.0,1409518.0,1409518.0,-144.0,754.0,42.746101,-898.0,-898.0,-21.00779,-21.00779,-21.0,-0.0,-0.06,0.99,45.37,-0.09,-1.43,0.08,-3.67,24.77,104,96495.0
1409679.0,1410212.0,1410212.0,685.0,754.0,42.746101,-69.0,-69.0,-1.61418,-1.61418,0.0,-0.0,-0.06,1.0,45.73,-0.47,-1.41,0.04,-3.61,24.81,104,97189.0
1410373.0,1410906.0,1410907.0,693.0,754.0,42.746101,-61.0,-61.0,-1.42703,-1.61418,0.0,-0.0,-0.07,1.0,45.29,-0.3,-1.45,0.06,-3.84,24.91,104,97883.0
1411067.0,1411600.0,1411601.0,692.0,754.0,42.746101,-62.0,-62.0,-1.45043,-1.54091,0.0,0.0,-0.06,1.0,45.35,-0.38,-1.51,-0.18,-3.68,24.67,104,98577.0
1411761.0,1412294.0,1412295.0,686.0,754.0,42.746101,-68.0,-68.0,-1.59079,-1.50549,0.0,-0.0,-0.06,1.0,45.47,-0.66,-1.66,0.03,-3.34,24.77,104,99271.0
1412455.0,1412988.0,1412989.0,670.0,754.0,42.746101,-84.0,-84.0,-1.96509,-1.53888,0.0,-0.0,-0.06,1.0,45.37,-0.3,-1.35,0.11,-3.63,24.86,104,99965.0
1413150.0,1413683.0,1413683.0,675.0,754.0,42.746101,-79.0,-79.0,-1.84813,-1.70575,0.0,-0.0,-0.06,1.0,45.45,-0.47,-1.51,0.15,-3.33,24.81,104,100660.0
1413844.0,1414377.0,1414378.0,649.0,754.0,42.746101,-105.0,-105.0,-2.45636,-1.76149,0.0,-0.0,-0.06,1.0,45.43,-0.33,-1.69,0.01,-3.54,24.86,104,101354.0
1414538.0,1415071.0,1415072.0,-47.0,754.0,42.746101,-801.0,-801.0,-18.73867,-18.73867,-18.0,0.0,-0.07,1.0,45.58,-0.25,-1.48,-0.21,-3.95,24.72,104,102048.0
1415233.0,1415765.0,1415766.0,631.0,754.0,42.746101,-123.0,-123.0,-2.87746,-2.87746,0.0,0.0,-0.06,0.99,45.19,-0.47,-1.51,-0.07,-3.68,24.86,104,102743.0
1415926.0,1416459.0,1416460.0,656.0,754.0,42.746101,-98.0,-98.0,-2.29263,-2.87746,0.0,-0.0,-0.07,1.0,45.4,-0.18,-1.5,0.27,-3.89,24.86,104,103436.0
1416620.0,1417154.0,1417154.0,653.0,754.0,42.746101,-101.0,-101.0,-2.36279,-2.6485,0.0,-0.0,-0.07,1.0,45.37,-0.53,-1.58,0.04,-3.9,24.86,104,104130.0
1417315.0,1417848.0,1417848.0,639.0,754.0,42.746101,-115.0,-115.0,-2.69031,-2.53664,0.0,-0.0,-0.08,1.0,45.32,-0.21,-1.53,0.07,-4.31,24.77,104,104825.0
1418009.0,1418542.0,1418543.0,677.0,754.0,42.746101,-77.0,-77.0,-1.80133,-2.5968,0.0,0.0,-0.06,0.99,45.4,-0.22,-1.52,0.0,-3.61,24.77,104,105519.0
1418703.0,1419236.0,1419237.0,659.0,754.0,42.746101,-95.0,-95.0,-2.22243,-2.28538,0.0,-0.0,-0.06,1.0,45.46,-0.56,-1.5,0.11,-3.73,24.91,104,106213.0
1419397.0,1419930.0,1419931.0,646.0,754.0,42.746101,-108.0,-108.0,-2.52657,-2.26073,0.0,0.0,-0.07,1.0,45.31,-0.3,-1.51,-0.24,-3.88,24.81,104,106907.0
1420092.0,1420624.0,1420625.0,644.0,754.0,42.746101,-110.0,-110.0,-2.57334,-2.36481,0.0,-0.0,-0.06,1.0,45.38,-0.49,-1.54,0.17,-3.4,24.81,104,107602.0
1420786.0,1421318.0,1421319.0,659.0,754.0,42.746101,-95.0,-95.0,-2.22244,-2.44645,0.0,-0.0,-0.06,1.0,45.38,-0.46,-1.51,0.2,-3.46,24.81,104,108296.0
1421480.0,1422012.0,1422013.0,648.0,754.0,42.746101,-106.0,-106.0,-2.47976,-2.35875,0.0,-0.0,-0.07,1.0,45.54,-0.4,-1.59,0.06,-3.9,24.77,104,108990.0
1422174.0,1422707.0,1422707.0,641.0,754.0,42.746101,-113.0,-113.0,-2.64352,-2.40612,0.0,-0.0,-0.07,0.99,45.42,-0.63,-1.51,0.08,-4.08,24.77,104,109684.0
1422868.0,1423401.0,1423401.0,658.0,754.0,42.746101,-96.0,-96.0,-2.24583,-2.49906,0.0,-0.0,-0.06,1.0,45.62,-0.4,-1.45,0.17,-3.59,24.77,104,110378.0
1423562.0,1424095.0,1424096.0,641.0,754.0,42.746101,-113.0,-113.0,-2.64353,-2.39992,0.0,0.0,-0.06,1.0,45.27,-0.56,-1.53,-0.18,-3.4,24.86,104,111072.0
1424256.0,1424789.0,1424790.0,650.0,754.0,42.746101,-104.0,-104.0,-2.43299,-2.49529,0.0,-0.0,-0.06,1.0,45.28,-0.31,-1.53,0.24,-3.42,24.86,104,111766.0
1424950.0,1425483.0,1425484.0,672.0,754.0,42.746101,-82.0,-82.0,-1.91833,-2.4709,0.0,-0.01,-0.06,1.0,45.34,-0.72,-1.5,0.29,-3.59,24.86,104,112460.0
1425644.0,1426177.0,1426178.0,665.0,754.0,42.746101,-89.0,-89.0,-2.08208,-2.25457,0.0,-0.0,-0.06,1.0,45.35,-0.09,-1.6,0.28,-3.28,24.81,104,113154.0
1426338.0,1426871.0,1426872.0,84.0,754.0,42.746101,-670.0,-670.01,-15.67408,-15.67408,-15.0,0.0,-0.06,1.0,45.28,-0.5,-1.58,-0.25,-3.16,24.86,104,113848.0
1427033.0,1427566.0,1427566.0,566.0,754.0,42.746101,-188.0,-188.0,-4.39806,-4.39806,0.0,-0.0,-0.06,1.0,45.4,-0.37,-1.62,0.04,-3.55,24.77,104,114543.0
1427727.0,1428260.0,1428260.0,660.0,754.0,42.746101,-94.0,-94.0,-2.19903,-4.39806,0.0,0.0,-0.07,0.99,45.36,-0.53,-1.67,-0.08,-3.85,24.77,104,115237.0
1428421.0,1428954.0,1428954.0,653.0,754.0,42.746101,-101.0,-101.0,-2.3628,-3.53714,0.0,0.0,-0.06,1.0,45.36,-0.38,-1.44,-0.17,-3.36,24.81,104,115931.0
1429115.0,1429648.0,1429649.0,636.0,754.0,42.746101,-118.0,-118.0,-2.76049,-3.07739,0.0,-0.0,-0.07,1.0,45.34,-0.66,-1.73,0.08,-3.9,24.77,104,116625.0
1429809.0,1430342.0,1430343.0,665.0,754.0,42.746101,-89.0,-89.0,-2.08207,-2.95332,0.0,-0.0,-0.06,1.0,45.26,-0.44,-1.46,0.15,-3.44,24.91,104,117319.0
1430503.0,1431036.0,1431037.0,671.0,754.0,42.746101,-83.0,-83.0,-1.9417,-2.61223,0.0,-0.0,-0.06,1.0,45.53,-0.47,-1.63,0.04,-3.2,24.81,104,118013.0
1431197.0,1431730.0,1431731.0,669.0,754.0,42.746101,-85.0,-85.0,-1.98849,-2.34971,0.0,0.0,-0.06,1.0,45.5,-0.34,-1.57,-0.03,-3.47,24.77,104,118707.0
1431892.0,1432425.0,1432425.0,669.0,754.0,42.746101,-85.0,-85.0,-1.98849,-2.20829,0.0,-0.0,-0.06,0.99,45.49,-0.31,-1.59,0.11,-3.71,24.77,104,119402.0
1432586.0,1433119.0,1433119.0,648.0,754.0,42.746101,-106.0,-106.0,-2.47976,-2.12224,0.0,0.0,-0.06,1.0,45.24,-0.34,-1.49,0.0,-3.58,24.77,104,120096.0
1433280.0,1433813.0,1433814.0,658.0,754.0,42.746101,-96.0,-96.0,-2.24582,-2.26221,0.0,-0.0,-0.07,0.99,45.69,-0.06,-1.44,0.07,-3.96,24.77,104,120790.0
1433974.0,1434507.0,1434508.0,657.0,754.0,42.746101,-97.0,-97.0,-2.26922,-2.25579,0.0,-0.0,-0.07,1.0,45.34,-0.47,-1.52,0.11,-4.26,24.86,104,121484.0
1434668.0,1435201.0,1435202.0,663.0,754.0,42.746101,-91.0,-91.0,-2.12885,-2.26105,0.0,-0.0,-0.06,0.99,45.57,-0.61,-1.52,0.01,-3.62,24.77,104,122178.0
1435362.0,1435895.0,1435896.0,661.0,754.0,42.746101,-93.0,-93.0,-2.17564,-2.20929,0.0,0.0,-0.06,1.0,45.34,-0.5,-1.45,-0.11,-3.62,24.86,104,122872.0
1436056.0,1436589.0,1436590.0,667.0,754.0,42.746101,-87.0,-87.0,-2.03527,-2.19612,0.0,-0.0,-0.05,1.0,45.58,-0.08,-1.49,0.07,-3.06,24.81,104,123566.0
1436751.0,1437284.0,1437284.0,149.0,754.0,42.746101,-605.0,-605.0,-14.15335,-14.15335,-14.0,-0.0,-0.07,1.0,45.53,-0.44,-1.54,0.08,-4.05,24.77,104,124261.0
1437445.0,1437978.0,1437978.0,450.0,754.0,42.746101,-304.0,-304.01,-7.11188,-7.11188,-7.0,-0.01,-0.07,1.0,45.56,-0.54,-1.37,0.35,-3.74,24.86,104,124955.0
1438139.0,1438672.0,1438673.0,664.0,754.0,42.746101,-90.0,-90.0,-2.10546,-2.10546,0.0,0.0,-0.07,0.99,45.49,-0.46,-1.67,-0.11,-3.97,24.91,104,125649.0
1438833.0,1439366.0,1439367.0,651.0,754.0,42.746101,-103.0,-103.0,-2.40958,-2.10546,0.0,0.0,-0.06,1.0,45.6,-0.5,-1.64,-0.1,-3.5,24.81,104,126343.0
1439527.0,1440060.0,1440061.0,681.0,754.0,42.746101,-73.0,-73.0,-1.70776,-2.22452,0.0,0.0,-0.05,1.0,45.5,-0.38,-1.46,-0.08,-2.8,24.77,104,127037.0
1440221.0,1440754.0,1440755.0,661.0,754.0,42.746101,-93.0,-93.0,-2.17564,-2.02221,0.0,-0.0,-0.07,1.0,45.43,-0.47,-1.68,0.14,-4.05,24.77,104,127731.0
1440916.0,1441449.0,1441449.0,682.0,754.0,42.746101,-72.0,-72.0,-1.68437,-2.08228,0.0,-0.0,-0.06,1.0,45.56,-0.49,-1.45,0.14,-3.53,24.86,104,128426.0
1441610.0,1442143.0,1442144.0,665.0,754.0,42.746101,-89.0,-89.0,-2.08207,-1.9265,0.0,0.0,-0.06,1.0,45.31,-0.5,-1.72,-0.13,-3.45,24.86,104,129120.0
1442304.0,1442837.0,1442838.0,688.0,754.0,42.746101,-66.0,-66.0,-1.54402,-1.9874,0.0,-0.0,-0.07,0.99,45.43,-0.22,-1.51,0.28,-3.77,24.77,104,129814.0
1442998.0,1443531.0,1443532.0,-515.0,754.0,42.746101,-1269.0,-1269.03,-29.68751,-29.68751,-29.0,0.01,-0.07,1.0,45.29,-0.44,-1.5,-0.38,-3.79,24.86,104,130508.0
1443693.0,1444225.0,1444226.0,134.0,754.0,42.746101,-620.0,-620.0,-14.50425,-14.50425,-14.0,0.0,-0.06,1.0,45.49,-0.25,-1.53,0.0,-3.59,24.81,104,131203.0
1444387.0,1444919.0,1444920.0,659.0,754.0,42.746101,-95.0,-95.0,-2.22243,-2.22243,0.0,-0.0,-0.07,1.0,45.45,-0.5,-1.48,0.11,-4.03,24.86,104,131897.0
1445081.0,1445614.0,1445614.0,642.0,754.0,42.746101,-112.0,-112.0,-2.62012,-2.22243,0.0,-0.0,-0.06,1.0,45.63,-0.27,-1.53,0.08,-3.18,24.81,104,132591.0
1445775.0,1446308.0,1446309.0,655.0,754.0,42.746101,-99.0,-99.0,-2.31604,-2.37813,0.0,-0.01,-0.07,1.0,45.22,-0.47,-1.6,0.34,-3.79,24.81,104,133285.0
1446469.0,1447002.0,1447003.0,660.0,754.0,42.746101,-94.0,-94.0,-2.19904,-2.35382,0.0,0.0,-0.07,1.0,45.31,-0.21,-1.5,-0.15,-3.87,24.86,104,133979.0
1447163.0,1447696.0,1447697.0,658.0,754.0,42.746101,-96.0,-96.0,-2.24583,-2.29322,0.0,-0.0,-0.07,0.99,45.36,-0.51,-1.49,0.22,-4.26,24.77,104,134673.0
1447857.0,1448390.0,1448391.0,667.0,754.0,42.746101,-87.0,-87.0,-2.03529,-2.27467,0.0,-0.0,-0.06,1.0,45.63,-0.37,-1.46,0.24,-3.28,24.77,104,135367.0
1448551.0,1449085.0,1449085.0,673.0,754.0,42.746101,-81.0,-81.0,-1.89491,-2.18095,0.0,0.0,-0.07,1.0,45.47,-0.54,-1.62,-0.01,-3.95,24.81,104,136061.0
1449246.0,1449779.0,1449779.0,669.0,754.0,42.746101,-85.0,-85.0,-1.98849,-2.06897,0.0,-0.0,-0.06,1.0,45.37,-0.5,-1.4,0.06,-3.6,24.77,104,136756.0
1449940.0,1450473.0,1450474.0,644.0,754.0,42.746101,-110.0,-110.0,-2.57334,-2.03746,0.0,0.0,-0.06,1.0,45.39,-0.55,-1.66,-0.17,-3.38,24.77,104,137450.0
1450634.0,1451167.0,1451168.0,675.0,754.0,42.746101,-79.0,-79.0,-1.84813,-2.24726,0.0,0.0,-0.07,1.0,45.32,-0.48,-1.47,-0.21,-3.76,24.77,104,138144.0
1451328.0,1451861.0,1451862.0,664.0,754.0,42.746101,-90.0,-90.0,-2.10546,-2.091,0.0,0.0,-0.06,0.99,45.39,-0.46,-1.52,-0.11,-3.64,24.86,104,138838.0
1452022.0,1452555.0,1452556.0,665.0,754.0,42.746101,-89.0,-89.0,-2.08209,-2.09666,0.0,-0.01,-0.06,1.0,45.51,-0.36,-1.41,0.29,-3.4,24.81,104,139532.0
1452717.0,1453250.0,1453250.0,655.0,754.0,42.746101,-99.0,-99.0,-2.31603,-2.09096,0.0,-0.01,-0.06,1.0,45.55,-0.54,-1.55,0.29,-3.43,24.81,104,140227.0
1453411.0,1453944.0,1453945.0,680.0,754.0,42.746101,-74.0,-74.0,-1.73119,-2.17907,0.0,-0.01,-0.07,0.99,45.43,-0.34,-1.53,0.38,-3.99,24.91,104,140921.0
1454105.0,1454638.0,1454639.0,61.0,754.0,42.746101,-693.0,-693.01,-16.21215,-16.21215,-16.0,-0.0,-0.06,1.0,45.35,-0.6,-1.41,0.25,-3.44,24.81,104,141615.0
1454800.0,1455332.0,1455333.0,93.0,754.0,42.746101,-661.0,-661.0,-15.46344,-16.21215,-16.0,-0.0,-0.06,1.0,45.5,-0.31,-1.46,0.14,-3.36,24.86,104,142310.0
1455494.0,1456026.0,1456027.0,666.0,754.0,42.746101,-88.0,-88.0,-2.05868,-2.05868,0.0,0.0,-0.07,1.0,45.38,-0.56,-1.61,-0.21,-4.0,24.77,104,143004.0
1456187.0,1456720.0,1456721.0,659.0,754.0,42.746101,-95.0,-95.0,-2.22246,-2.05868,0.0,0.01,-0.06,1.0,45.46,-0.3,-1.56,-0.35,-3.32,24.86,104,143697.0
1456882.0,1457415.0,1457415.0,651.0,754.0,42.746101,-103.0,-103.0,-2.40958,-2.1228,0.0,0.0,-0.07,0.99,45.34,-0.35,-1.43,-0.08,-3.88,24.86,104,144392.0
1457576.0,1458109.0,1458109.0,668.0,754.0,42.746101,-86.0,-86.0,-2.01188,-2.23507,0.0,0.0,-0.07,1.0,45.4,-0.27,-1.76,-0.07,-3.79,24.77,104,145086.0
1458270.0,1458803.0,1458804.0,666.0,754.0,42.746101,-88.0,-88.0,-2.05867,-2.14769,0.0,-0.0,-0.07,0.99,45.11,-0.49,-1.66,0.08,-4.0,24.86,104,145780.0
1458964.0,1459497.0,1459498.0,651.0,754.0,42.746101,-103.0,-103.0,-2.40958,-2.11284,0.0,-0.0,-0.06,0.99,45.44,-0.37,-1.57,0.08,-3.22,24.81,104,146474.0
1459658.0,1460191.0,1460192.0,664.0,754.0,42.746101,-90.0,-90.0,-2.10546,-2.22901,0.0,0.0,-0.06,0.99,45.44,-0.24,-1.56,-0.04,-3.46,24.81,104,147168.0
1460352.0,1460886.0,1460886.0,656.0,754.0,42.746101,-98.0,-98.0,-2.29261,-2.18064,0.0,0.0,-0.08,1.0,45.57,-0.22,-1.45,-0.01,-4.48,24.86,104,147862.0
1461047.0,1461580.0,1461580.0,663.0,754.0,42.746101,-91.0,-91.0,-2.12887,-2.22448,0.0,-0.0,-0.07,1.0,45.38,-0.6,-1.51,0.28,-3.84,24.81,104,148557.0
1461741.0,1462274.0,1462275.0,650.0,754.0,42.746101,-104.0,-104.0,-2.43298,-2.18705,0.0,-0.0,-0.06,1.0,45.45,-0.69,-1.47,0.18,-3.64,24.81,104,149251.0
1462435.0,1462968.0,1462969.0,661.0,754.0,42.746101,-93.0,-93.0,-2.17566,-2.28333,0.0,-0.0,-0.06,1.0,45.29,-0.62,-1.6,0.28,-3.19,24.91,104,149945.0
1463129.0,1463662.0,1463663.0,675.0,754.0,42.746101,-79.0,-79.0,-1.84814,-2.24118,0.0,-0.0,-0.07,0.99,45.37,-0.3,-1.49,0.27,-3.87,24.91,104,150639.0
1463824.0,1464357.0,1464357.0,664.0,754.0,42.746101,-90.0,-90.0,-2.10546,-2.0873,0.0,-0.0,-0.06,1.0,45.57,-0.44,-1.53,0.11,-3.64,24.91,104,151334.0
1464518.0,1465051.0,1465052.0,668.0,754.0,42.746101,-86.0,-86.0,-2.01189,-2.09441,0.0,-0.0,-0.07,1.0,45.32,-0.37,-1.61,0.2,-3.93,24.91,104,152028.0
1465212.0,1465745.0,1465746.0,674.0,754.0,42.746101,-80.0,-80.0,-1.87153,-2.0621,0.0,-0.0,-0.07,1.0,45.4,-0.49,-1.41,0.22,-3.75,24.91,104,152722.0
1465906.0,1466439.0,1466440.0,670.0,754.0,42.746101,-84.0,-84.0,-1.96511,-1.98749,0.0,0.0,-0.06,1.0,45.21,-0.67,-1.48,-0.24,-3.37,24.81,104,153416.0
1466601.0,1467134.0,1467134.0,340.0,754.0,42.746101,-414.0,-414.01,-9.68524,-9.68524,-9.0,0.01,-0.07,0.99,45.48,-0.3,-1.63,-0.32,-3.86,24.77,104,154111.0
1467295.0,1467828.0,1467829.0,507.0,754.0,42.746101,-247.0,-247.0,-5.77831,-9.68524,-9.0,0.0,-0.07,1.0,45.44,-0.47,-1.56,-0.08,-3.82,24.91,104,154805.0
1467989.0,1468522.0,1468523.0,663.0,754.0,42.746101,-91.0,-91.0,-2.12889,-8.15567,-8.0,0.01,-0.07,1.0,45.44,-0.33,-1.53,-0.35,-4.13,24.77,104,155499.0
1468683.0,1469216.0,1469217.0,651.0,754.0,42.746101,-103.0,-103.0,-2.40964,-5.79619,-5.0,0.01,-0.06,1.0,45.4,-0.26,-1.5,-0.42,-3.6,24.81,104,156193.0
1469378.0,1469911.0,1469911.0,661.0,754.0,42.746101,-93.0,-93.0,-2.17565,-4.47035,0.0,-0.0,-0.07,1.0,45.4,-0.48,-1.67,0.2,-4.04,24.91,104,156888.0
1470072.0,1470605.0,1470606.0,661.0,754.0,42.746101,-93.0,-93.0,-2.17564,-3.57198,0.0,-0.0,-0.05,0.99,45.45,-0.44,-1.6,0.06,-3.15,24.81,104,157582.0
1470766.0,1471299.0,1471300.0,686.0,754.0,42.746101,-68.0,-68.0,-1.5908,-3.02531,0.0,0.0,-0.06,1.0,45.26,-0.25,-1.51,-0.22,-3.54,24.77,104,158276.0
1471460.0,1471993.0,1471994.0,658.0,754.0,42.746101,-96.0,-96.0,-2.24586,-2.4637,0.0,0.01,-0.06,1.0,45.33,-0.31,-1.6,-0.35,-3.47,24.91,104,158970.0
1472154.0,1472688.0,1472688.0,671.0,754.0,42.746101,-83.0,-83.0,-1.94174,-2.37841,0.0,-0.01,-0.07,1.0,45.4,-0.5,-1.53,0.4,-4.08,24.91,104,159664.0
1472849.0,1473382.0,1473382.0,684.0,754.0,42.746101,-70.0,-70.0,-1.63758,-2.20746,0.0,0.0,-0.07,0.99,45.31,-0.46,-1.45,-0.08,-4.16,24.95,104,160359.0
1473543.0,1474076.0,1474077.0,666.0,754.0,42.746101,-88.0,-88.0,-2.05869,-1.98435,0.0,-0.0,-0.06,0.99,45.32,-0.47,-1.44,0.25,-3.35,24.91,104,161053.0
1474237.0,1474770.0,1474771.0,675.0,754.0,42.746101,-79.0,-79.0,-1.84816,-2.01345,0.0,-0.01,-0.06,1.0,45.37,-0.26,-1.49,0.38,-3.39,24.86,104,161747.0
1474931.0,1475464.0,1475465.0,-187.0,754.0,42.746101,-941.0,-941.01,-22.01384,-22.01384,-22.0,-0.0,-0.07,1.0,45.44,-0.3,-1.45,0.21,-4.0,24.86,104,162441.0
1475626.0,1476158.0,1476159.0,644.0,754.0,42.746101,-110.0,-110.0,-2.57334,-2.57334,0.0,-0.0,-0.06,1.0,45.52,-0.4,-1.59,0.1,-3.47,24.81,104,163136.0
1476320.0,1476853.0,1476853.0,661.0,754.0,42.746101,-93.0,-93.0,-2.17564,-2.57334,0.0,0.0,-0.06,1.0,45.29,-0.5,-1.37,-0.01,-3.39,24.81,104,163830.0
1477014.0,1477547.0,1477547.0,667.0,754.0,42.746101,-87.0,-87.0,-2.03533,-2.41764,0.0,-0.01,-0.07,1.0,45.28,-0.48,-1.48,0.43,-4.18,24.91,104,164524.0
1477708.0,1478241.0,1478242.0,872.0,754.0,42.746101,118.0,118.0,2.76049,-2.26796,0.0,-0.0,-0.07,1.0,45.39,-0.24,-1.4,0.14,-3.81,24.81,104,165218.0
1478402.0,1478935.0,1478936.0,999.0,754.0,42.746101,245.0,245.0,5.73155,-0.29932,0.0,-0.0,-0.07,1.0,45.31,-0.27,-1.62,0.2,-3.83,24.95,104,165912.0
1479096.0,1479629.0,1479630.0,641.0,754.0,42.746101,-113.0,-113.0,-2.64352,-2.64352,0.0,-0.0,-0.06,1.0,45.31,-0.1,-1.4,0.08,-3.69,24.77,104,166606.0
1479791.0,1480323.0,1480324.0,631.0,754.0,42.746101,-123.0,-123.0,-2.87746,-2.64352,0.0,-0.0,-0.07,1.0,45.47,-0.52,-1.6,0.01,-3.73,24.86,104,167301.0
1480485.0,1481018.0,1481018.0,648.0,754.0,42.746101,-106.0,-106.0,-2.47976,-2.73511,0.0,-0.0,-0.07,1.0,45.54,-0.24,-1.55,0.06,-3.91,24.86,104,167995.0
1481179.0,1481712.0,1481713.0,1714.0,754.0,42.746101,960.0,960.0,22.45824,22.45824,22.5,0.0,-0.07,1.0,45.47,-0.34,-1.52,-0.13,-3.83,24.86,104,168689.0
1481873.0,1482406.0,1482407.0,665.0,754.0,42.746101,-89.0,-89.0,-2.08206,-2.08206,0.0,0.0,-0.07,1.0,45.31,-0.34,-1.56,-0.08,-3.74,24.86,104,169383.0
1482567.0,1483100.0,1483101.0,612.0,754.0,42.746101,-142.0,-142.0,-3.32196,-2.08206,0.0,-0.0,-0.07,1.0,45.53,-0.55,-1.53,0.18,-3.85,24.86,104,170077.0
1483261.0,1483794.0,1483795.0,646.0,754.0,42.746101,-108.0,-108.0,-2.52655,-2.56748,0.0,-0.0,-0.06,1.0,45.34,-0.44,-1.49,0.03,-3.28,24.91,104,170771.0
1483956.0,1484489.0,1484489.0,660.0,754.0,42.746101,-94.0,-94.0,-2.19903,-2.55146,0.0,-0.0,-0.06,0.99,45.39,-0.35,-1.44,0.06,-3.56,24.86,104,171466.0
1484650.0,1485183.0,1485183.0,666.0,754.0,42.746101,-88.0,-88.0,-2.05867,-2.41348,0.0,0.0,-0.06,1.0,45.47,-0.29,-1.53,-0.06,-3.44,24.86,104,172160.0
1485344.0,1485877.0,1485878.0,659.0,754.0,42.746101,-95.0,-95.0,-2.22244,-2.27457,0.0,-0.0,-0.06,1.0,45.43,-0.37,-1.66,0.24,-3.22,24.86,104,172854.0
1486038.0,1486571.0,1486572.0,663.0,754.0,42.746101,-91.0,-91.0,-2.12885,-2.25416,0.0,-0.0,-0.07,1.0,45.53,-0.51,-1.52,0.11,-3.99,24.86,104,173548.0
1486732.0,1487265.0,1487266.0,629.0,754.0,42.746101,-125.0,-125.0,-2.92425,-2.2051,0.0,0.0,-0.06,1.0,45.47,-0.63,-1.47,-0.08,-3.64,24.86,104,174242.0
1487427.0,1487959.0,1487960.0,672.0,754.0,42.746101,-82.0,-82.0,-1.91831,-2.48665,0.0,0.0,-0.06,1.0,45.53,-0.36,-1.59,-0.08,-3.47,24.86,104,174937.0
1488121.0,1488654.0,1488654.0,662.0,754.0,42.746101,-92.0,-92.0,-2.15227,-2.26414,0.0,-0.01,-0.06,1.0,45.5,-0.27,-1.49,0.32,-3.32,24.91,104,175631.0
1488815.0,1489348.0,1489348.0,640.0,754.0,42.746101,-114.0,-114.0,-2.66694,-2.22035,0.0,-0.0,-0.06,0.99,45.49,-0.33,-1.52,0.27,-3.71,24.86,104,176325.0
1489509.0,1490042.0,1490043.0,510.0,754.0,42.746101,-244.0,-244.0,-5.70813,-2.39519,0.0,0.0,-0.06,1.0,45.54,-0.33,-1.54,-0.06,-3.7,24.81,104,177019.0
1490203.0,1490736.0,1490737.0,617.0,754.0,42.746101,-137.0,-137.0,-3.20498,-3.6922,0.0,0.0,-0.06,0.99,45.45,-0.51,-1.66,-0.11,-3.48,24.91,104,177713.0
1490897.0,1491430.0,1491431.0,640.0,754.0,42.746101,-114.0,-114.0,-2.66692,-3.50145,0.0,0.0,-0.06,1.0,45.31,-0.66,-1.44,-0.18,-3.58,24.86,104,178407.0
1491592.0,1492125.0,1492125.0,662.0,754.0,42.746101,-92.0,-92.0,-2.15225,-3.17473,0.0,-0.0,-0.08,1.0,45.44,-0.4,-1.4,0.1,-4.36,24.77,104,179102.0
1492286.0,1492819.0,1492819.0,632.0,754.0,42.746101,-122.0,-122.0,-2.85406,-2.77443,0.0,-0.0,-0.07,1.0,45.44,-0.42,-1.47,0.06,-4.09,24.77,104,179796.0
1492980.0,1493513.0,1493514.0,647.0,754.0,42.746101,-107.0,-107.0,-2.50317,-2.80561,0.0,0.0,-0.06,1.0,45.46,-0.25,-1.58,-0.25,-3.62,24.86,104,180490.0
1493674.0,1494207.0,1494208.0,680.0,754.0,42.746101,-74.0,-74.0,-1.73116,-2.6872,0.0,-0.0,-0.06,1.0,45.44,-0.21,-1.58,0.14,-3.59,24.86,104,181184.0
1494368.0,1494901.0,1494902.0,1267.0,754.0,42.746101,513.0,513.0,12.0011,12.0011,12.0,0.0,-0.06,1.0,45.47,-0.55,-1.63,-0.03,-3.34,24.95,104,181878.0
1495063.0,1495595.0,1495596.0,659.0,754.0,42.746101,-95.0,-95.0,-2.22245,-2.22245,0.0,0.01,-0.06,1.0,45.28,-0.4,-1.56,-0.31,-3.5,24.81,104,182573.0
1495756.0,1496289.0,1496290.0,649.0,754.0,42.746101,-105.0,-105.0,-2.45639,-2.22245,0.0,-0.0,-0.07,1.0,45.32,-0.63,-1.6,0.25,-4.04,24.86,104,183266.0
1496451.0,1496984.0,1496984.0,638.0,754.0,42.746101,-116.0,-116.0,-2.7137,-2.31404,0.0,0.0,-0.06,1.0,45.42,-0.47,-1.4,-0.06,-3.73,24.86,104,183961.0
1497145.0,1497678.0,1497679.0,668.0,754.0,42.746101,-86.0,-86.0,-2.01188,-2.47051,0.0,-0.0,-0.07,0.99,45.39,-0.24,-1.6,0.11,-4.13,24.77,104,184655.0
1497839.0,1498372.0,1498373.0,1039.0,754.0,42.746101,285.0,285.01,6.66741,6.66741,6.5,0.01,-0.06,1.0,45.47,-0.33,-1.6,-0.38,-3.59,24.86,104,185349.0
1498533.0,1499067.0,1499067.0,634.0,754.0,42.746101,-120.0,-120.0,-2.80728,-2.80728,0.0,0.0,-0.06,1.0,45.29,-0.48,-1.4,-0.11,-3.62,24.81,104,186043.0
1499228.0,1499761.0,1499761.0,641.0,754.0,42.746101,-113.0,-113.0,-2.64352,-2.80728,0.0,0.0,-0.07,0.99,45.36,-0.37,-1.54,-0.01,-4.21,24.95,104,186738.0
1499922.0,1500455.0,1500456.0,659.0,754.0,42.746101,-95.0,-95.0,-2.22243,-2.74317,0.0,-0.0,-0.06,1.0,45.59,-0.3,-1.5,0.11,-3.46,24.81,104,187432.0
1500616.0,1501149.0,1501150.0,1686.0,754.0,42.746101,932.0,932.01,21.8034,21.8034,22.0,0.0,-0.06,0.99,45.46,-0.49,-1.6,-0.28,-3.55,24.95,104,188126.0
1501310.0,1501843.0,1501844.0,-406.0,754.0,42.746101,-1160.0,-1160.0,-27.13707,-27.13707,-27.0,-0.0,-0.06,1.0,45.34,-0.49,-1.4,0.15,-3.58,24.86,104,188820.0
1502005.0,1502537.0,1502538.0,572.0,754.0,42.746101,-182.0,-182.0,-4.2577,-4.2577,0.0,-0.0,-0.06,1.0,45.25,-0.34,-1.43,0.06,-3.66,24.81,104,189515.0
1502699.0,1503232.0,1503232.0,627.0,754.0,42.746101,-127.0,-127.0,-2.97104,-4.2577,0.0,-0.0,-0.06,1.0,45.44,-0.53,-1.53,0.14,-3.28,24.91,104,190209.0
1503393.0,1503926.0,1503926.0,667.0,754.0,42.746101,-87.0,-87.0,-2.03529,-3.75397,0.0,-0.0,-0.07,1.0,45.4,-0.47,-1.62,0.25,-3.89,24.81,104,190903.0
1504087.0,1504620.0,1504620.0,640.0,754.0,42.746101,-114.0,-114.0,-2.66691,-3.08111,0.0,0.0,-0.06,1.0,45.46,-0.48,-1.38,0.0,-3.72,24.86,104,191597.0
1504781.0,1505314.0,1505315.0,1871.0,754.0,42.746101,1117.0,1117.01,26.13125,26.13125,26.0,0.0,-0.07,1.0,45.43,-0.18,-1.46,-0.24,-4.03,24.91,104,192291.0
1505476.0,1506008.0,1506009.0,-31.0,754.0,42.746101,-785.0,-785.0,-18.36428,-18.36428,-18.0,-0.0,-0.07,1.0,45.31,-0.48,-1.58,0.11,-3.9,24.77,104,192986.0
1506170.0,1506702.0,1506703.0,627.0,754.0,42.746101,-127.0,-127.0,-2.97103,-2.97103,0.0,0.0,-0.07,1.0,45.33,-0.44,-1.56,0.0,-3.88,24.81,104,193680.0
1506863.0,1507396.0,1507397.0,626.0,754.0,42.746101,-128.0,-128.0,-2.99443,-2.97103,0.0,-0.0,-0.07,1.0,45.43,-0.37,-1.5,0.06,-3.78,24.81,104,194373.0
1507558.0,1508091.0,1508091.0,671.0,754.0,42.746101,-83.0,-83.0,-1.9417,-2.98019,0.0,-0.0,-0.06,1.0,45.47,-0.44,-1.58,0.03,-3.66,24.91,104,195068.0
1508252.0,1508785.0,1508785.0,663.0,754.0,42.746101,-91.0,-91.0,-2.12885,-2.57362,0.0,0.0,-0.06,0.98,44.87,-0.4,-1.22,-0.09,-3.44,24.86,104,195762.0
1508946.0,1509479.0,1509480.0,652.0,754.0,42.746101,-102.0,-102.0,-2.38618,-2.39949,0.0,0.0,-0.06,1.0,45.44,-0.42,-1.58,-0.03,-3.44,24.91,104,196456.0
1509640.0,1510173.0,1510174.0,642.0,754.0,42.746101,-112.0,-112.0,-2.62012,-2.39428,0.0,0.0,-0.06,1.0,45.27,-0.18,-1.69,-0.06,-3.63,24.95,104,197150.0
1510334.0,1510867.0,1510868.0,596.0,754.0,42.746101,-158.0,-158.0,-3.69627,-2.4827,0.0,0.0,-0.07,1.0,45.57,-0.65,-1.48,-0.24,-3.97,24.91,104,197844.0
1511029.0,1511561.0,1511562.0,646.0,754.0,42.746101,-108.0,-108.0,-2.52656,-2.95781,0.0,-0.0,-0.06,1.0,45.28,-0.46,-1.56,0.21,-3.65,24.86,104,198539.0
1511723.0,1512255.0,1512256.0,637.0,754.0,42.746101,-117.0,-117.0,-2.73715,-2.78898,0.0,-0.01,-0.06,1.0,45.61,-0.56,-1.61,0.41,-3.69,24.81,104,199233.0
1512417.0,1512950.0,1512950.0,625.0,754.0,42.746101,-129.0,-129.0,-3.01782,-2.76869,0.0,0.0,-0.07,1.0,45.4,-0.24,-1.53,-0.08,-3.78,24.86,104,199927.0
1513111.0,1513644.0,1513644.0,651.0,754.0,42.746101,-103.0,-103.0,-2.40958,-2.86622,0.0,0.0,-0.06,1.0,45.5,-0.56,-1.6,-0.04,-3.47,24.81,104,200621.0
1513805.0,1514338.0,1514339.0,632.0,754.0,42.746101,-122.0,-122.0,-2.85406,-2.68745,0.0,0.0,-0.06,0.99,45.48,-0.75,-1.4,-0.03,-3.54,24.91,104,201315.0
1514499.0,1515032.0,1515033.0,647.0,754.0,42.746101,-107.0,-107.0,-2.50316,-2.75268,0.0,0.0,-0.06,1.0,45.61,-0.34,-1.48,-0.11,-3.5,24.86,104,202009.0
1515193.0,1515726.0,1515727.0,629.0,754.0,42.746101,-125.0,-125.0,-2.92426,-2.65499,0.0,0.0,-0.07,1.0,45.52,-0.34,-1.34,-0.19,-3.92,24.77,104,202703.0
1515887.0,1516420.0,1516421.0,640.0,754.0,42.746101,-114.0,-114.0,-2.66693,-2.76041,0.0,0.0,-0.06,1.0,45.5,-0.32,-1.56,-0.22,-3.65,24.86,104,203397.0
1516582.0,1517114.0,1517115.0,613.0,754.0,42.746101,-141.0,-141.0,-3.29856,-2.72381,0.0,0.0,-0.07,1.0,45.35,-0.37,-1.41,-0.2,-4.2,24.91,104,204092.0
1517276.0,1517809.0,1517809.0,651.0,754.0,42.746101,-103.0,-103.0,-2.40958,-2.94883,0.0,0.0,-0.07,1.0,45.27,-0.24,-1.52,-0.01,-3.83,24.86,104,204786.0
1517970.0,1518503.0,1518503.0,645.0,754.0,42.746101,-109.0,-109.0,-2.54994,-2.73771,0.0,-0.0,-0.06,1.0,45.41,-0.45,-1.53,0.06,-3.4,24.95,104,205480.0
1518664.0,1519197.0,1519197.0,629.0,754.0,42.746101,-125.0,-125.0,-2.92426,-2.6642,0.0,0.0,-0.07,0.99,45.41,-0.59,-1.53,-0.2,-3.96,24.86,104,206174.0
1519358.0,1519891.0,1519892.0,653.0,754.0,42.746101,-101.0,-101.0,-2.3628,-2.76601,0.0,0.0,-0.06,1.0,45.22,-0.34,-1.7,-0.14,-3.47,24.72,104,206868.0
1520052.0,1520585.0,1520586.0,641.0,754.0,42.746101,-113.0,-113.0,-2.64352,-2.60815,0.0,-0.0,-0.07,1.0,45.58,-0.35,-1.59,0.1,-3.95,24.86,104,207562.0
