tBeforeMeasure,tAfterMeasure,tAfterAlgo,realValue_WU,OFFSET,calibrationFactor,relativeVal_WU,realValue_WU_AngleAdj,realValue_WU_MovAvg,realValue_WU_Filt,realValue,realValueFiltered,correctedValueFiltered,myAx,myAy,myAz,myGx,myGy,myGz,thetadeg,phideg,myTmp,bSync,vccReadBits,vccReadVolts,vccGPIO,vccVolts,ratioVCCMAX,B_GOOGLE_HTTPREQ,B_SERIALPORT,B_SERIALTELNET,B_ANGLE_ADJUSTMENT,B_DEBUG_MODE,BF_GOOGLE_HTTPREQ,BF_SERIALPORT,BF_SERIALTELNET,BF_MPU,BF_WIFI,realWeight,timeNorm,timeMeasure,timeAlgo,timeSim
333479,334027,334028,-39236,-39315,42.7461,79,79.02592,73.17268,78.71665,1.841493,0,0.0,0.02832,0.005127,1.059814,-11.45038,5.931298,-1.770992,-1.530669,0.277171,29.37706,False,2624.5,2.114982,2.312341,7.138308,0.929699,False,True,True,True,True,False,False,False,False,False,500,0,548,1,0.0
334137,334692,334693,-39262,-39315,42.7461,53,53.02108,71.02923,76.54619,1.790717,0,0.0,0.03125,0.004395,1.062256,-11.54962,6.21374,-1.496183,-1.685053,0.23703,29.33,False,2625.1,2.115465,2.312869,7.13994,0.930409,False,True,True,True,True,False,False,False,False,False,500,658,555,1,838.367231638418
334806,335356,335357,-39238,-39315,42.7461,77,77.01893,70.31126,74.3863,1.740189,0,0.0,0.024658,0.003906,1.066162,-11.67939,5.954198,-1.21374,-1.324889,0.209921,29.23588,False,2626.6,2.116674,2.314191,7.14402,0.932182,False,True,True,True,True,False,False,False,False,False,500,1327,550,1,1676.734463276836
335469,336021,336022,-39236,-39315,42.7461,79,79.03748,70.74028,72.79092,1.702867,0,0.0,0.03418,0.009521,1.063721,-11.73282,6.198473,-1.564886,-1.840328,0.512846,29.18882,False,2624.0,2.114579,2.3119,7.136948,0.929108,False,True,True,True,True,False,False,False,False,False,500,1990,552,1,2515.101694915254
336135,336686,336686,-39236,-39315,42.7461,79,79.03516,71.74139,71.9881,1.684086,0,0.0,0.033203,0.001953,1.066895,-11.41985,6.129771,-1.679389,-1.782536,0.104889,29.18882,False,2625.6,2.115868,2.31331,7.1413,0.931,False,True,True,True,True,False,False,False,False,False,500,2656,551,0,3353.468926553672
336795,337350,337351,-39226,-39315,42.7461,89,89.03929,73.45813,71.89151,1.681826,0,0.0,0.032959,0.011719,1.063232,-11.53435,6.007634,-1.519084,-1.775423,0.631476,29.18882,False,2625.5,2.115788,2.313222,7.141028,0.930882,False,True,True,True,True,False,False,False,False,False,500,3316,555,1,4191.83615819209
338128,338679,338680,-39242,-39315,42.7461,73,73.03332,77.74646,74.8921,1.752022,0,0.0,0.033447,0.005371,1.061279,-11.59542,5.824428,-1.534351,-1.805108,0.289969,29.18882,False,2622.8,2.113612,2.310843,7.133684,0.927689,False,True,True,True,True,False,False,False,False,False,500,4649,551,1,5030.203389830508
338791,339344,339345,-39245,-39315,42.7461,70,70.02579,80.1757,76.00958,1.778164,0,0.0,0.030029,0.001465,1.060547,-11.67939,6.091603,-1.48855,-1.621887,0.079138,29.23588,False,2626.9,2.116916,2.314455,7.144836,0.932537,False,True,True,True,True,False,False,False,False,False,500,5312,553,1,5868.570621468926
339455,340008,340009,-39205,-39315,42.7461,110,110.0331,84.89201,77.64062,1.81632,0,0.0,0.0271,0.000244,1.059082,-11.74809,6.0,-1.435115,-1.465751,0.013208,29.28294,False,2626.7,2.116755,2.314279,7.144292,0.932301,False,True,True,True,True,False,False,False,False,False,500,5976,553,1,6706.937853107344
340123,340673,340674,-39247,-39315,42.7461,68,68.02464,83.31875,80.47954,1.882734,0,0.0,0.029785,0.003662,1.060791,-11.51908,6.022901,-1.541985,-1.608329,0.197798,29.23588,False,2627.0,2.116996,2.314543,7.145108,0.932655,False,True,True,True,True,False,False,False,False,False,500,6644,550,1,7545.3050847457625
340783,341337,341338,-39244,-39315,42.7461,71,71.02838,82.17493,81.59109,1.908738,0,0.0,0.03125,0.004883,1.05957,-11.52672,5.862596,-1.396947,-1.689318,0.264033,29.18882,False,2622.9,2.113692,2.310931,7.133956,0.927807,False,True,True,True,True,False,False,False,False,False,500,7304,554,1,8383.67231638418
341449,342002,342003,-39218,-39315,42.7461,97,97.0321,83.31676,81.81966,1.914085,0,0.0,0.02832,0.004395,1.05542,-11.68702,6.076336,-1.557252,-1.537044,0.238565,29.28294,False,2625.9,2.11611,2.313574,7.142116,0.931355,False,True,True,True,True,False,False,False,False,False,500,7970,553,1,9222.039548022598
342112,342666,342667,-39194,-39315,42.7461,121,121.036,87.17339,82.40577,1.927796,0,0.0,0.026855,0.005615,1.054932,-11.50382,5.862596,-1.564886,-1.458244,0.304973,29.23588,False,2624.7,2.115143,2.312517,7.138852,0.929936,False,True,True,True,True,False,False,False,False,False,500,8633,554,1,10060.406779661016
342778,343331,343332,-39241,-39315,42.7461,74,74.03883,87.31702,84.27229,1.971462,0,0.0,0.035889,0.004639,1.062012,-11.72519,6.137404,-1.496183,-1.935443,0.250255,29.33,False,2625.4,2.115707,2.313134,7.140756,0.930764,False,True,True,True,True,False,False,False,False,False,500,9299,553,1,10898.774011299434
343441,343996,343996,-39244,-39315,42.7461,71,71.01792,87.45876,85.46431,1.999347,0,0.0,0.024902,0.008789,1.0625,-11.50382,5.961832,-1.427481,-1.342575,0.473942,29.33,False,2625.0,2.115385,2.312781,7.139668,0.93029,False,True,True,True,True,False,False,False,False,False,500,9962,555,0,11737.141242937852
344109,344660,344661,-39242,-39315,42.7461,73,73.01996,82.17117,86.24513,2.017614,0,0.0,0.025635,0.007568,1.051025,-11.70229,6.122138,-1.396947,-1.397142,0.412575,29.23588,False,2627.1,2.117077,2.314631,7.14538,0.932774,False,True,True,True,True,False,False,False,False,False,500,10630,551,1,12575.50847457627
344770,345325,345326,-39245,-39315,42.7461,70,70.02134,82.45641,84.65017,1.980302,0,0.0,0.027344,0.005127,1.061523,-11.70992,5.931298,-1.618321,-1.475533,0.276725,29.23588,False,2624.1,2.114659,2.311988,7.13722,0.929226,False,True,True,True,True,False,False,False,False,False,500,11291,555,1,13413.875706214689
346102,346654,346655,-39223,-39315,42.7461,92,92.03922,83.74262,84.05149,1.966296,0,0.0,0.032227,0.008057,1.058105,-11.68702,6.129771,-1.610687,-1.744455,0.436253,29.37706,False,2624.8,2.115223,2.312605,7.139124,0.930054,False,True,True,True,True,False,False,False,False,False,500,12623,552,1,14252.242937853107
346766,347319,347319,-39201,-39315,42.7461,114,114.0384,82.74296,83.93057,1.963467,0,0.0,0.028564,0.005127,1.055176,-11.57252,6.129771,-1.633588,-1.550642,0.278389,29.18882,False,2626.6,2.116674,2.314191,7.14402,0.932182,False,True,True,True,True,False,False,False,False,False,500,13287,553,0,15090.610169491525
347428,347983,347984,-39234,-39315,42.7461,81,81.03271,83.74208,83.46562,1.95259,0,0.0,0.03125,0.005615,1.054199,-11.65649,6.167939,-1.778626,-1.697914,0.305185,29.28294,False,2625.6,2.115868,2.31331,7.1413,0.931,False,True,True,True,True,False,False,False,False,False,500,13949,555,1,15928.977401129943
348759,349312,349313,-39229,-39315,42.7461,86,86.03829,87.03191,84.19958,1.969761,0,0.0,0.033203,0.002686,1.06665,-11.63359,6.053435,-1.603053,-1.782941,0.144255,29.28294,False,2625.8,2.116029,2.313486,7.141844,0.931236,False,True,True,True,True,False,False,False,False,False,500,15280,553,1,16767.34463276836
349422,349977,349977,-39230,-39315,42.7461,85,85.02344,89.17506,85.30844,1.995701,0,0.0,0.025879,0.002441,1.056396,-11.59542,5.969466,-1.48855,-1.403307,0.132414,29.37706,False,2623.6,2.114256,2.311548,7.13586,0.928635,False,True,True,True,True,False,False,False,False,False,500,15943,555,0,17605.711864406778
350754,351306,351307,-39239,-39315,42.7461,76,76.04073,86.03267,87.40788,2.044815,0,0.0,0.035889,0.003906,1.050781,-11.59542,5.801527,-1.541985,-1.956117,0.212994,29.28294,False,2625.8,2.116029,2.313486,7.141844,0.931236,False,True,True,True,True,False,False,False,False,False,500,17275,552,1,18444.079096045196
351416,351970,351971,-39212,-39315,42.7461,103,103.0324,84.46039,86.86948,2.03222,0,0.0,0.027832,0.006104,1.063721,-11.65649,6.030534,-1.618321,-1.498762,0.328753,29.33,False,2625.3,2.115626,2.313046,7.140484,0.930645,False,True,True,True,True,False,False,False,False,False,500,17937,554,1,19282.446327683614
352082,352635,352636,-39199,-39315,42.7461,116,116.0614,89.46449,85.92632,2.010156,0,0.0,0.035889,0.006104,1.057129,-11.70229,5.984733,-1.679389,-1.944362,0.330803,29.37706,False,2623.3,2.114015,2.311283,7.135044,0.92828,False,True,True,True,True,False,False,False,False,False,500,18603,553,1,20120.813559322032
352746,353300,353300,-39197,-39315,42.7461,118,118.0588,94.75455,87.31152,2.042561,0,0.0,0.034912,0.003174,1.060547,-11.57252,5.961832,-1.465649,-1.885424,0.171464,29.33,False,2624.9,2.115304,2.312693,7.139396,0.930172,False,True,True,True,True,False,False,False,False,False,500,19267,554,0,20959.18079096045
353412,353964,353965,-39215,-39315,42.7461,100,100.053,96.75665,90.22546,2.11073,0,0.0,0.035889,0.006348,1.057129,-11.63359,6.022901,-1.557252,-1.944359,0.344034,29.33,False,2626.9,2.116916,2.314455,7.144836,0.932537,False,True,True,True,True,False,False,False,False,False,500,19933,552,1,21797.54802259887
354074,354629,354631,-39224,-39315,42.7461,91,91.04072,97.61626,92.78242,2.170547,0,0.0,0.033203,0.007568,1.063965,-11.61069,5.793893,-1.916031,-1.787399,0.407557,29.37706,False,2624.8,2.115223,2.312605,7.139124,0.930054,False,True,True,True,True,False,False,False,False,False,500,20595,555,2,22635.915254237287
354743,355293,355294,-39233,-39315,42.7461,82,82.03574,98.04615,94.67487,2.214819,0,0.0,0.032471,0.007324,1.054199,-11.61832,6.0,-1.687023,-1.76418,0.398064,29.23588,False,2625.4,2.115707,2.313134,7.140756,0.930764,False,True,True,True,True,False,False,False,False,False,500,21264,550,1,23474.282485875705
355403,355958,355959,-39251,-39315,42.7461,64,64.02026,96.32894,95.99473,2.245696,0,0.0,0.027832,0.001709,1.060303,-11.50382,6.091603,-1.480916,-1.503614,0.092348,29.37706,False,2626.1,2.116271,2.31375,7.14266,0.931591,False,True,True,True,True,False,False,False,False,False,500,21924,555,1,24312.649717514123
356071,356623,356623,-39224,-39315,42.7461,91,91.03013,94.61433,96.12557,2.248756,0,0.0,0.028564,0.005371,1.064209,-11.61069,5.969466,-1.664122,-1.537485,0.28917,29.33,False,2626.1,2.116271,2.31375,7.14266,0.931591,False,True,True,True,True,False,False,False,False,False,500,22592,552,0,25151.01694915254
356735,357287,357288,-39224,-39315,42.7461,91,91.05052,91.04134,95.53392,2.234916,0,0.0,0.036865,0.006592,1.060547,-11.67939,5.908397,-1.549618,-1.990791,0.356115,29.33,False,2625.3,2.115626,2.313046,7.140484,0.930645,False,True,True,True,True,False,False,False,False,False,500,23256,552,1,25989.38418079096
357399,357952,357953,-39181,-39315,42.7461,134,134.0374,93.32401,93.77508,2.193769,0,0.0,0.026123,0.005859,1.05957,-11.58015,5.89313,-1.70229,-1.412281,0.316839,29.33,False,2624.9,2.115304,2.312693,7.139396,0.930172,False,True,True,True,True,False,False,False,False,False,500,23920,553,1,26827.751412429378
358731,359281,359282,-39211,-39315,42.7461,104,104.036,99.324,95.11322,2.225074,0,0.0,0.029053,0.007813,1.058105,-11.61832,5.900764,-1.48855,-1.572747,0.423034,29.33,False,2626.0,2.11619,2.313662,7.142388,0.931473,False,True,True,True,True,False,False,False,False,False,500,25252,550,1,27666.118644067796
359390,359946,359946,-39232,-39315,42.7461,83,83.0302,99.46606,96.76174,2.263639,0,0.0,0.029785,0.004883,1.05835,-11.67176,6.045802,-1.740458,-1.61203,0.264338,29.28294,False,2625.3,2.115626,2.313046,7.140484,0.930645,False,True,True,True,True,False,False,False,False,False,500,25911,556,0,28504.485875706214
360056,360610,360611,-39212,-39315,42.7461,103,103.053,105.0422,97.82048,2.288407,0,0.0,0.0354,0.004395,1.057617,-11.61069,5.824428,-1.389313,-1.917058,0.238069,29.33,False,2625.9,2.11611,2.313574,7.142116,0.931355,False,True,True,True,True,False,False,False,False,False,500,26577,554,1,29342.853107344632
360719,361274,361275,-39244,-39315,42.7461,71,71.02995,102.185,100.6478,2.354549,0,0.0,0.032227,-0.000488,1.063721,-11.77099,6.076336,-1.625954,-1.735302,-0.026301,29.33,False,2625.7,2.115949,2.313398,7.141572,0.931118,False,True,True,True,True,False,False,False,False,False,500,27240,555,1,30181.22033898305
362052,362604,362605,-39204,-39315,42.7461,111,111.0529,96.47118,100.6643,2.354936,0,0.0,0.034424,0.008545,1.069092,-11.55725,5.885496,-1.458015,-1.844174,0.457937,29.33,False,2625.0,2.115385,2.312781,7.139668,0.93029,False,True,True,True,True,False,False,False,False,False,500,28573,552,1,31019.58757062147
362711,363268,363269,-39213,-39315,42.7461,102,102.0514,92.61316,99.02272,2.316532,0,0.0,0.034912,0.005615,1.053955,-11.71756,5.977099,-1.625954,-1.897189,0.305255,29.37706,False,2626.4,2.116513,2.314015,7.143476,0.931946,False,True,True,True,True,False,False,False,False,False,500,29232,557,1,31857.954802259886
363381,363933,363934,-39216,-39315,42.7461,99,99.03152,91.89823,96.51338,2.257829,0,0.0,0.027832,0.003174,1.057373,-11.42748,6.122138,-1.419847,-1.507773,0.171979,29.33,False,2625.0,2.115385,2.312781,7.139668,0.93029,False,True,True,True,True,False,False,False,False,False,500,29902,552,1,32696.322033898305
364045,364598,364598,-39241,-39315,42.7461,74,74.03265,90.61286,94.70655,2.21556,0,0.0,0.032715,0.008301,1.055664,-11.48092,6.030534,-1.679389,-1.774959,0.450512,29.23588,False,2625.0,2.115385,2.312781,7.139668,0.93029,False,True,True,True,True,False,False,False,False,False,500,30566,553,0,33534.68926553672
364712,365262,365263,-39199,-39315,42.7461,116,116.0539,92.47013,93.10387,2.178067,0,0.0,0.033691,0.006348,1.05957,-11.58779,5.877862,-1.343511,-1.821197,0.343242,29.33,False,2625.9,2.11611,2.313574,7.142116,0.931355,False,True,True,True,True,False,False,False,False,False,500,31233,550,1,34373.05649717514
365375,365927,365928,-39205,-39315,42.7461,110,110.0278,98.04125,92.85576,2.172263,0,0.0,0.024902,0.005371,1.061035,-11.64122,6.015267,-1.603053,-1.344457,0.290035,29.33,False,2625.3,2.115626,2.313046,7.140484,0.930645,False,True,True,True,True,False,False,False,False,False,500,31896,552,1,35211.423728813555
366039,366591,366592,-39221,-39315,42.7461,94,94.05328,100.9005,94.88588,2.219755,0,0.0,0.036865,0.006348,1.049561,-11.59542,6.007634,-1.656489,-2.011614,0.346515,29.37706,False,2625.7,2.115949,2.313398,7.141572,0.931118,False,True,True,True,True,False,False,False,False,False,500,32560,552,1,36049.790960451974
366701,367256,367257,-39238,-39315,42.7461,77,77.03381,96.04066,97.24061,2.274842,0,0.0,0.032959,0.011719,1.066162,-11.74046,6.061069,-1.572519,-1.770548,0.629741,29.23588,False,2626.6,2.116674,2.314191,7.14402,0.932182,False,True,True,True,True,False,False,False,False,False,500,33222,555,1,36888.15819209039
367366,367920,367921,-39244,-39315,42.7461,71,71.02835,91.60878,96.77083,2.263852,0,0.0,0.03125,0.000488,1.060059,-11.63359,5.900764,-1.541985,-1.688558,0.026391,29.33,False,2626.0,2.11619,2.313662,7.142388,0.931473,False,True,True,True,True,False,False,False,False,False,500,33887,554,1,37726.52542372881
368031,368585,368586,-39230,-39315,42.7461,85,85.02472,89.60781,94.74989,2.216574,0,0.0,0.026611,0.005127,1.057861,-11.62595,5.938931,-1.587786,-1.440996,0.277683,29.37706,False,2625.7,2.115949,2.313398,7.141572,0.931118,False,True,True,True,True,False,False,False,False,False,500,34552,554,1,38564.89265536723
368697,369249,369250,-39228,-39315,42.7461,87,87.03351,91.46508,92.73676,2.169479,0,0.0,0.030762,0.009521,1.0625,-11.54198,5.992366,-1.778626,-1.658306,0.513435,29.37706,False,2624.8,2.115223,2.312605,7.139124,0.930054,False,True,True,True,True,False,False,False,False,False,500,35218,552,1,39403.259887005646
369359,369914,369915,-39200,-39315,42.7461,115,115.0322,91.31913,92.2389,2.157832,0,0.0,0.026123,0.009766,1.057617,-11.58015,5.763359,-1.770992,-1.414849,0.529031,29.37706,False,2624.5,2.114982,2.312341,7.138308,0.929699,False,True,True,True,True,False,False,False,False,False,500,35880,555,1,40241.627118644064
370026,370578,370579,-39195,-39315,42.7461,120,120.0375,92.74908,91.87881,2.149408,0,0.0,0.027588,0.006104,1.058105,-11.68702,6.221374,-1.618321,-1.493501,0.330497,29.37706,False,2627.0,2.116996,2.314543,7.145108,0.932655,False,True,True,True,True,False,False,False,False,False,500,36547,552,1,41079.99435028248
370689,371243,371244,-39218,-39315,42.7461,97,97.04843,93.17695,92.21952,2.157378,0,0.0,0.034912,0.001709,1.059082,-11.61832,5.877862,-1.610687,-1.888036,0.092455,29.42412,False,2626.9,2.116916,2.314455,7.144836,0.932537,False,True,True,True,True,False,False,False,False,False,500,37210,554,1,41918.3615819209
371357,371907,371908,-39233,-39315,42.7461,82,82.03178,93.89095,92.59435,2.166147,0,0.0,0.030762,0.005859,1.059326,-11.59542,5.977099,-1.679389,-1.663313,0.316912,29.47118,False,2625.9,2.11611,2.313574,7.142116,0.931355,False,True,True,True,True,False,False,False,False,False,500,37878,550,1,42756.72881355932
372017,372572,372573,-39203,-39315,42.7461,112,112.0503,99.75123,93.10197,2.178022,0,0.0,0.032959,0.008545,1.053711,-11.51145,6.129771,-1.824428,-1.791505,0.464621,29.37706,False,2626.2,2.116352,2.313838,7.142932,0.931709,False,True,True,True,True,False,False,False,False,False,500,38538,555,1,43595.09604519774
372683,373237,373237,-39211,-39315,42.7461,104,104.0472,102.4687,95.70515,2.238921,0,0.0,0.033447,0.006592,1.063965,-11.71756,6.061069,-1.603053,-1.800544,0.354971,29.37706,False,2627.0,2.116996,2.314543,7.145108,0.932655,False,True,True,True,True,False,False,False,False,False,500,39204,554,0,44433.463276836155
373347,373901,373902,-39202,-39315,42.7461,113,113.0361,106.1834,98.3531,2.300867,0,0.0,0.028076,0.006348,1.064941,-11.55725,6.167939,-1.519084,-1.510169,0.341511,29.33,False,2626.2,2.116352,2.313838,7.142932,0.931709,False,True,True,True,True,False,False,False,False,False,500,39868,554,1,45271.83050847457
374013,374566,374567,-39195,-39315,42.7461,120,120.0583,106.9014,101.4187,2.372583,0,0.0,0.034424,0.002197,1.058838,-11.61832,5.961832,-1.526718,-1.862076,0.118898,29.33,False,2625.7,2.115949,2.313398,7.141572,0.931118,False,True,True,True,True,False,False,False,False,False,500,40534,553,1,46110.19774011299
374675,375230,375231,-39234,-39315,42.7461,81,81.03408,101.3295,103.5651,2.422797,0,0.0,0.032227,0.004639,1.064941,-11.56489,5.992366,-1.664122,-1.733298,0.249567,29.47118,False,2623.7,2.114337,2.311636,7.136132,0.928753,False,True,True,True,True,False,False,False,False,False,500,41196,555,1,46948.56497175141
375340,375895,375896,-39206,-39315,42.7461,109,109.0311,103.0413,102.6899,2.402322,0,0.0,0.026367,0.003662,1.058105,-11.55725,6.061069,-1.59542,-1.42746,0.1983,29.37706,False,2626.4,2.116513,2.314015,7.143476,0.931946,False,True,True,True,True,False,False,False,False,False,500,41861,555,1,47786.93220338983
376005,376559,376560,-39208,-39315,42.7461,107,107.0295,106.6124,102.8275,2.40554,0,0.0,0.026123,0.00293,1.065674,-11.56489,6.160306,-1.59542,-1.404212,0.157513,29.37706,False,2626.2,2.116352,2.313838,7.142932,0.931709,False,True,True,True,True,False,False,False,False,False,500,42526,554,1,48625.299435028246
376671,377224,377225,-39216,-39315,42.7461,99,99.05143,104.7554,104.3093,2.440205,0,0.0,0.035645,0.004883,1.060059,-11.56489,6.038168,-1.564886,-1.925823,0.263912,29.42412,False,2624.1,2.114659,2.311988,7.13722,0.929226,False,True,True,True,True,False,False,False,False,False,500,43192,553,1,49463.666666666664
377334,377888,377889,-39232,-39315,42.7461,83,83.04771,101.7555,104.4839,2.444292,0,0.0,0.037842,0.005615,1.069824,-11.48855,5.900764,-1.580153,-2.025788,0.300727,29.42412,False,2626.0,2.11619,2.313662,7.142388,0.931473,False,True,True,True,True,False,False,False,False,False,500,43855,554,1,50302.03389830508
378001,378553,378554,-39219,-39315,42.7461,96,96.0425,99.32783,103.4157,2.419302,0,0.0,0.032959,0.003418,1.061768,-11.41985,5.847328,-1.534351,-1.77797,0.184442,29.37706,False,2625.9,2.11611,2.313574,7.142116,0.931355,False,True,True,True,True,False,False,False,False,False,500,44522,552,1,51140.4011299435
378663,379218,379218,-39241,-39315,42.7461,74,74.02953,92.7523,101.8153,2.381862,0,0.0,0.03125,0.006836,1.060547,-11.65649,6.114504,-1.503817,-1.687746,0.369304,29.42412,False,2624.9,2.115304,2.312693,7.139396,0.930172,False,True,True,True,True,False,False,False,False,False,500,45184,555,0,51978.76836158192
379329,379882,379883,-39230,-39315,42.7461,85,85.02995,93.32314,98.26715,2.298857,0,0.0,0.029297,0.008789,1.058105,-11.56489,6.145038,-1.770992,-1.585945,0.47591,29.37706,False,2626.0,2.11619,2.313662,7.142388,0.931473,False,True,True,True,True,False,False,False,False,False,500,45850,553,1,52817.13559322034
379991,380547,380548,-39222,-39315,42.7461,93,93.04313,91.03914,96.33157,2.253576,0,0.0,0.033691,0.003418,1.060547,-11.78626,6.076336,-1.396947,-1.819544,0.184654,29.37706,False,2624.3,2.11482,2.312165,7.137764,0.929463,False,True,True,True,True,False,False,False,False,False,500,46512,556,1,53655.502824858755
380659,381211,381212,-39225,-39315,42.7461,90,90.03783,88.61176,94.25958,2.205104,0,0.0,0.032227,0.006592,1.06543,-11.64886,6.022901,-1.526718,-1.732488,0.354483,29.47118,False,2624.8,2.115223,2.312605,7.139124,0.930054,False,True,True,True,True,False,False,False,False,False,500,47180,552,1,54493.87005649717
381991,382541,382541,-39219,-39315,42.7461,96,96.03992,91.6108,91.15048,2.13237,0,0.0,0.031982,0.003174,1.063232,-11.69466,5.938931,-1.519084,-1.722947,0.171031,29.42412,False,2624.0,2.114579,2.3119,7.136948,0.929108,False,True,True,True,True,False,False,False,False,False,500,48512,550,0,55332.23728813559
382650,383205,383206,-39241,-39315,42.7461,74,74.04134,88.46778,91.3307,2.136585,0,0.0,0.037109,0.00293,1.064209,-11.61069,6.198473,-1.312977,-1.997104,0.15773,29.37706,False,2625.9,2.11611,2.313574,7.142116,0.931355,False,True,True,True,True,False,False,False,False,False,500,49171,555,1,56170.60451977401
383317,383870,383871,-39221,-39315,42.7461,94,94.03384,91.32554,90.20986,2.110365,0,0.0,0.029541,0.003662,1.05542,-11.65649,6.145038,-1.389313,-1.603267,0.198804,29.37706,False,2627.3,2.117238,2.314808,7.145924,0.93301,False,True,True,True,True,False,False,False,False,False,500,49838,553,1,57008.97175141243
383980,384534,384535,-39219,-39315,42.7461,96,96.04795,92.89954,90.64665,2.120583,0,0.0,0.034668,0.003906,1.051514,-11.70992,6.038168,-1.534351,-1.888317,0.212846,29.37706,False,2625.8,2.116029,2.313486,7.141844,0.931236,False,True,True,True,True,False,False,False,False,False,500,50501,554,1,57847.338983050846
385311,385863,385864,-39223,-39315,42.7461,92,92.0565,93.18797,92.06538,2.153772,0,0.0,0.038818,0.000732,1.061768,-11.60305,6.045802,-1.381679,-2.093803,0.039523,29.42412,False,2624.9,2.115304,2.312693,7.139396,0.930172,False,True,True,True,True,False,False,False,False,False,500,51832,552,1,58685.706214689264
385978,386528,386529,-39241,-39315,42.7461,74,74.02327,88.46949,92.50487,2.164054,0,0.0,0.027832,0.004883,1.063965,-11.51145,5.954198,-1.625954,-1.498427,0.262943,29.37706,False,2625.9,2.11611,2.313574,7.142116,0.931355,False,True,True,True,True,False,False,False,False,False,500,52499,550,1,59524.07344632768
386638,387193,387196,-39218,-39315,42.7461,97,97.03088,88.61106,90.92502,2.127095,0,0.0,0.027832,0.007568,1.057373,-11.59542,5.923664,-1.442748,-1.507742,0.410098,29.37706,False,2624.9,2.115304,2.312693,7.139396,0.930172,False,True,True,True,True,False,False,False,False,False,500,53159,555,3,60362.4406779661
387307,387857,387858,-39199,-39315,42.7461,116,116.0406,94.61095,90.0191,2.105902,0,0.0,0.029053,0.004395,1.053223,-11.60305,6.099236,-1.358779,-1.580064,0.239063,29.37706,False,2623.5,2.114176,2.31146,7.135588,0.928517,False,True,True,True,True,False,False,False,False,False,500,53828,550,1,61200.80790960452
387970,388522,388523,-39229,-39315,42.7461,86,86.03638,93.46845,91.81681,2.147958,0,0.0,0.032227,0.008301,1.062012,-11.68702,5.992366,-1.564886,-1.73804,0.447819,29.42412,False,2628.0,2.117802,2.315424,7.147828,0.933838,False,True,True,True,True,False,False,False,False,False,500,54491,552,1,62039.17514124294
388634,389186,389187,-39207,-39315,42.7461,108,108.0362,95.18105,92.46343,2.163085,0,0.0,0.028809,0.007324,1.066895,-11.45802,5.931298,-1.473282,-1.546701,0.393328,29.37706,False,2627.0,2.116996,2.314543,7.145108,0.932655,False,True,True,True,True,False,False,False,False,False,500,55155,552,1,62877.542372881355
389297,389851,389852,-39233,-39315,42.7461,82,82.04057,93.60921,93.52738,2.187974,0,0.0,0.034912,0.00415,1.063965,-11.64122,6.137404,-1.618321,-1.879366,0.223502,29.37706,False,2625.7,2.115949,2.313398,7.141572,0.931118,False,True,True,True,True,False,False,False,False,False,500,55818,554,1,63715.90960451977
389963,390516,390516,-39224,-39315,42.7461,91,91.04165,93.46423,93.55942,2.188724,0,0.0,0.033447,0.001953,1.059814,-11.68702,6.152672,-1.519084,-1.807622,0.10559,29.37706,False,2626.3,2.116432,2.313926,7.143204,0.931828,False,True,True,True,True,False,False,False,False,False,500,56484,553,0,64554.27683615819
390625,391180,391181,-39219,-39315,42.7461,96,96.03574,96.60887,93.52215,2.187852,0,0.0,0.030029,0.004395,1.054932,-11.61069,5.984733,-1.442748,-1.630502,0.238675,29.47118,False,2627.0,2.116996,2.314543,7.145108,0.932655,False,True,True,True,True,False,False,False,False,False,500,57146,555,1,65392.64406779661
391288,391845,391846,-39229,-39315,42.7461,86,86.03764,95.03841,94.7306,2.216123,0,0.0,0.032715,0.006836,1.060059,-11.57252,5.717557,-1.48855,-1.767623,0.369474,29.42412,False,2626.4,2.116513,2.314015,7.143476,0.931946,False,True,True,True,True,False,False,False,False,False,500,57809,557,1,66231.01129943502
391955,392509,392510,-39214,-39315,42.7461,101,101.0401,92.89549,94.8511,2.218942,0,0.0,0.03125,0.004639,1.062744,-11.66412,5.946565,-1.526718,-1.684278,0.250083,29.33,False,2625.9,2.11611,2.313574,7.142116,0.931355,False,True,True,True,True,False,False,False,False,False,500,58476,554,1,67069.37853107344
392623,393174,393175,-39217,-39315,42.7461,98,98.03082,94.60899,94.08548,2.201031,0,0.0,0.027588,0.00415,1.054688,-11.58779,6.061069,-1.51145,-1.498352,0.225468,29.51824,False,2627.3,2.117238,2.314808,7.145924,0.93301,False,True,True,True,True,False,False,False,False,False,500,59144,551,1,67907.74576271186
393284,393839,393839,-39237,-39315,42.7461,78,78.02286,90.32136,94.29044,2.205825,0,0.0,0.026855,0.00415,1.063477,-11.50382,6.030534,-1.748092,-1.446541,0.223604,29.42412,False,2626.2,2.116352,2.313838,7.142932,0.931709,False,True,True,True,True,False,False,False,False,False,500,59805,555,0,68746.11299435027
393948,394503,394504,-39216,-39315,42.7461,99,99.0311,92.74857,92.73654,2.169474,0,0.0,0.027832,0.009277,1.064453,-11.51145,6.335878,-1.503817,-1.497699,0.499353,29.37706,False,2626.4,2.116513,2.314015,7.143476,0.931946,False,True,True,True,True,False,False,False,False,False,500,60469,555,1,69584.4802259887
395280,395832,395833,-39214,-39315,42.7461,101,101.0343,96.32119,93.86324,2.195832,0,0.0,0.028809,0.007813,1.060059,-11.46565,6.091603,-1.435115,-1.556665,0.422254,29.42412,False,2625.5,2.115788,2.313222,7.141028,0.930882,False,True,True,True,True,False,False,False,False,False,500,61801,552,1,70422.84745762711
395942,396497,396498,-39219,-39315,42.7461,96,96.0459,97.75094,94.82552,2.218343,0,0.0,0.03418,0.005371,1.05957,-11.65649,6.038168,-1.534351,-1.847582,0.290436,29.37706,False,2626.1,2.116271,2.31375,7.14266,0.931591,False,True,True,True,True,False,False,False,False,False,500,62463,555,1,71261.21468926553
396609,397161,397162,-39232,-39315,42.7461,83,83.02287,95.17705,95.97083,2.245136,0,0.0,0.026123,0.004395,1.066895,-11.74046,6.167939,-1.503817,-1.402599,0.235999,29.42412,False,2626.7,2.116755,2.314279,7.144292,0.932301,False,True,True,True,True,False,False,False,False,False,500,63130,552,1,72099.58192090395
397274,397826,397827,-39209,-39315,42.7461,106,106.0425,96.32157,95.66006,2.237866,0,0.0,0.03125,0.001221,1.058105,-11.54198,6.236641,-1.534351,-1.691672,0.0661,29.42412,False,2623.6,2.114256,2.311548,7.13586,0.928635,False,True,True,True,True,False,False,False,False,False,500,63795,552,1,72937.94915254237
398604,399155,399156,-39232,-39315,42.7461,83,83.0321,95.75249,96.74864,2.263333,0,0.0,0.030762,0.003906,1.060303,-11.68702,6.099236,-1.458015,-1.661796,0.211081,29.42412,False,2625.9,2.11611,2.313574,7.142116,0.931355,False,True,True,True,True,False,False,False,False,False,500,65125,551,1,73776.31638418078
399266,399820,399821,-39234,-39315,42.7461,81,81.0288,91.46355,96.35865,2.254209,0,0.0,0.029541,0.003174,1.062012,-11.45802,5.778626,-1.51145,-1.593323,0.171228,29.47118,False,2623.0,2.113773,2.311019,7.134228,0.927925,False,True,True,True,True,False,False,False,False,False,500,65787,554,1,74614.6836158192
399930,400484,400485,-39223,-39315,42.7461,92,92.02769,90.17689,94.44221,2.209376,0,0.0,0.0271,0.005127,1.058838,-11.67939,5.80916,-1.51145,-1.466072,0.277427,29.47118,False,2625.6,2.115868,2.31331,7.1413,0.931,False,True,True,True,True,False,False,False,False,False,500,66451,554,1,75453.05084745762
400594,401149,401150,-39214,-39315,42.7461,101,101.034,90.88947,92.77234,2.170311,0,0.0,0.028564,0.005859,1.056152,-11.40458,5.89313,-1.580153,-1.549203,0.317864,29.42412,False,2625.0,2.115385,2.312781,7.139668,0.93029,False,True,True,True,True,False,False,False,False,False,500,67115,555,1,76291.41807909604
401261,401814,401815,-39226,-39315,42.7461,89,89.0444,91.74969,92.03519,2.153066,0,0.0,0.035156,0.002197,1.066895,-11.67176,5.923664,-1.412214,-1.887316,0.118,29.47118,False,2622.8,2.113612,2.310843,7.133684,0.927689,False,True,True,True,True,False,False,False,False,False,500,67782,553,1,77129.78531073446
401923,402478,402479,-39208,-39315,42.7461,107,107.0263,91.89024,91.92342,2.150451,0,0.0,0.024414,0.005127,1.054932,-11.70992,5.59542,-1.70229,-1.325729,0.278454,29.37706,False,2625.3,2.115626,2.313046,7.140484,0.930645,False,True,True,True,True,False,False,False,False,False,500,68444,555,1,77968.15254237287
402592,403143,403144,-39225,-39315,42.7461,90,90.03836,91.89024,91.91043,2.150148,0,0.0,0.031982,0.00415,1.050049,-11.64886,5.961832,-1.480916,-1.74456,0.226464,29.42412,False,2625.8,2.116029,2.313486,7.141844,0.931236,False,True,True,True,True,False,False,False,False,False,500,69113,551,1,78806.51977401129
403255,403808,403809,-39244,-39315,42.7461,71,71.02464,90.17489,91.90253,2.149963,0,0.0,0.029053,0.003174,1.057129,-11.54962,6.091603,-1.51145,-1.574235,0.172019,29.47118,False,2625.3,2.115626,2.313046,7.140484,0.930645,False,True,True,True,True,False,False,False,False,False,500,69776,553,1,79644.88700564971
403921,404472,404473,-39242,-39315,42.7461,73,73.0261,89.03165,91.22616,2.13414,0,0.0,0.029541,0.005615,1.059082,-11.51145,5.923664,-1.618321,-1.597713,0.303778,29.47118,False,2625.7,2.115949,2.313398,7.141572,0.931118,False,True,True,True,True,False,False,False,False,False,500,70442,551,1,80483.25423728813
404584,405137,405138,-39248,-39315,42.7461,67,67.02546,85.4599,90.36701,2.114041,0,0.0,0.030518,0.001709,1.061279,-11.80153,5.824428,-1.465649,-1.647107,0.092263,29.51824,False,2625.9,2.11611,2.313574,7.142116,0.931355,False,True,True,True,True,False,False,False,False,False,500,71105,553,1,81321.62146892655
405249,405801,405802,-39242,-39315,42.7461,73,73.02311,81.45836,88.44588,2.069098,0,0.0,0.027832,0.007813,1.060303,-11.54198,5.740458,-1.351145,-1.503575,0.422157,29.51824,False,2627.9,2.117722,2.315336,7.147556,0.93372,False,True,True,True,True,False,False,False,False,False,500,71770,552,1,82159.98870056497
405913,406466,406467,-39211,-39315,42.7461,104,104.0434,83.60107,85.71027,2.005101,0,0.0,0.031738,0.005127,1.053467,-11.55725,6.053435,-1.274809,-1.72563,0.278841,29.42412,False,2621.6,2.112645,2.309786,7.130421,0.92627,False,True,True,True,True,False,False,False,False,False,500,72434,553,1,82998.35593220338
406580,407130,407131,-39222,-39315,42.7461,93,93.04017,81.60304,84.88451,1.985784,0,0.0,0.032471,0.005371,1.059082,-11.67939,6.10687,-1.458015,-1.756071,0.29057,29.47118,False,2625.4,2.115707,2.313134,7.140756,0.930764,False,True,True,True,True,False,False,False,False,False,500,73101,550,1,83836.7231638418
407241,407795,407796,-39224,-39315,42.7461,91,91.02814,81.74445,83.59982,1.95573,0,0.0,0.027344,0.003662,1.053955,-11.74809,5.984733,-1.40458,-1.486133,0.199081,29.51824,False,2625.2,2.115546,2.312958,7.140212,0.930527,False,True,True,True,True,False,False,False,False,False,500,73762,554,1,84675.09039548022
407908,408459,408460,-39225,-39315,42.7461,90,90.05962,84.46373,82.87344,1.938737,0,0.0,0.040527,0.002441,1.067383,-11.65649,6.038168,-1.763359,-2.174402,0.131051,29.47118,False,2625.1,2.115465,2.312869,7.13994,0.930409,False,True,True,True,True,False,False,False,False,False,500,74429,551,1,85513.45762711864
408571,409124,409125,-39211,-39315,42.7461,104,104.037,88.89385,83.49604,1.953302,0,0.0,0.029297,0.004639,1.052979,-11.56489,6.335878,-1.664122,-1.593702,0.252402,29.51824,False,2625.0,2.115385,2.312781,7.139668,0.93029,False,True,True,True,True,False,False,False,False,False,500,75092,553,1,86351.82485875706
409236,409789,409789,-39246,-39315,42.7461,69,69.03508,89.18095,85.60928,2.002739,0,0.0,0.035156,0.005859,1.056885,-11.70992,5.839695,-1.587786,-1.905153,0.317644,29.47118,False,2622.8,2.113612,2.310843,7.133684,0.927689,False,True,True,True,True,False,False,False,False,False,500,75757,553,0,87190.19209039547
410567,411118,411119,-39209,-39315,42.7461,106,106.0563,90.89874,88.4184,2.068455,0,0.0,0.036133,0.003418,1.063232,-11.70229,6.10687,-1.70229,-1.946372,0.184187,29.42412,False,2624.9,2.115304,2.312693,7.139396,0.930172,False,True,True,True,True,False,False,False,False,False,500,77088,551,1,88028.55932203389
411227,411782,411783,-39227,-39315,42.7461,88,88.02179,90.18183,89.38946,2.091172,0,0.0,0.024414,0.001709,1.051758,-11.70992,6.030534,-1.763359,-1.329742,0.093099,29.47118,False,2622.1,2.113048,2.310226,7.131781,0.926861,False,True,True,True,True,False,False,False,False,False,500,77748,555,1,88866.92655367231
411893,412447,412448,-39203,-39315,42.7461,112,112.0318,93.18236,89.69967,2.098429,0,0.0,0.026367,0.004395,1.060547,-11.65649,5.984733,-1.839695,-1.424172,0.237412,29.47118,False,2625.3,2.115626,2.313046,7.140484,0.930645,False,True,True,True,True,False,False,False,False,False,500,78414,554,1,89705.29378531073
412556,413111,413112,-39231,-39315,42.7461,84,84.02692,92.32054,91.06314,2.130326,0,0.0,0.027832,0.008789,1.053955,-11.61069,6.038168,-1.603053,-1.512615,0.477784,29.37706,False,2623.1,2.113853,2.311107,7.134501,0.928044,False,True,True,True,True,False,False,False,False,False,500,79077,555,1,90543.66101694915
413887,414441,414441,-39196,-39315,42.7461,119,119.0445,101.3244,92.58301,2.165882,0,0.0,0.030273,0.001953,1.061768,-11.74046,5.938931,-1.358779,-1.633186,0.105395,29.56529,False,2626.2,2.116352,2.313838,7.142932,0.931709,False,True,True,True,True,False,False,False,False,False,500,80408,554,0,91382.02824858757
414552,415105,415106,-39231,-39315,42.7461,84,84.02752,101.4662,96.00526,2.245942,0,0.0,0.028076,0.008301,1.051514,-11.47328,6.045802,-1.549618,-1.529424,0.45229,29.47118,False,2621.9,2.112886,2.31005,7.131237,0.926625,False,True,True,True,True,False,False,False,False,False,500,81073,553,1,92220.39548022598
415216,415770,415771,-39221,-39315,42.7461,94,94.03563,99.74895,98.14321,2.295957,0,0.0,0.030518,0.009521,1.0625,-11.52672,5.862596,-1.610687,-1.645152,0.513435,29.47118,False,2622.9,2.113692,2.310931,7.133956,0.927807,False,True,True,True,True,False,False,False,False,False,500,81737,554,1,93058.7627118644
415881,416435,416435,-39199,-39315,42.7461,116,116.0271,103.7497,98.77186,2.310663,0,0.0,0.023926,0.001221,1.060303,-11.46565,5.992366,-1.610687,-1.292659,0.065963,29.51824,False,2624.6,2.115062,2.312429,7.13858,0.929817,False,True,True,True,True,False,False,False,False,False,500,82402,554,0,93897.12994350282
416544,417099,417100,-39208,-39315,42.7461,107,107.0411,103.0368,100.7207,2.356254,0,0.0,0.030762,0.006592,1.063721,-11.59542,5.78626,-1.251908,-1.656438,0.355052,29.51824,False,2625.6,2.115868,2.31331,7.1413,0.931,False,True,True,True,True,False,False,False,False,False,500,83065,555,1,94735.49717514124
417211,417764,417765,-39216,-39315,42.7461,99,99.03874,105.1813,101.6274,2.377467,0,0.0,0.031006,0.002441,1.0625,-11.50382,6.030534,-1.587786,-1.671522,0.131653,29.47118,False,2625.9,2.11611,2.313574,7.142116,0.931355,False,True,True,True,True,False,False,False,False,False,500,83732,553,1,95573.86440677966
417873,418429,418429,-39214,-39315,42.7461,101,101.0416,102.8938,103.0188,2.410016,0,0.0,0.031738,0.003662,1.060547,-11.54962,6.099236,-1.244275,-1.714127,0.197843,29.47118,False,2624.5,2.114982,2.312341,7.138308,0.929699,False,True,True,True,True,False,False,False,False,False,500,84394,556,0,96412.23163841807
419206,419758,419759,-39216,-39315,42.7461,99,99.03439,100.1796,101.0381,2.363681,0,0.0,0.029053,0.002686,1.056641,-11.66412,6.099236,-1.610687,-1.574964,0.145622,29.47118,False,2624.7,2.115143,2.312517,7.138852,0.929936,False,True,True,True,True,False,False,False,False,False,500,85727,552,1,97250.59887005649
419870,420423,420423,-39224,-39315,42.7461,91,91.05365,99.75362,100.702,2.355818,0,0.0,0.037842,0.007324,1.056396,-11.76336,5.839695,-1.564886,-2.051494,0.397236,29.47118,False,2625.0,2.115385,2.312781,7.139668,0.93029,False,True,True,True,True,False,False,False,False,False,500,86391,553,0,98088.96610169491
420532,421087,421088,-39217,-39315,42.7461,98,98.04538,97.1848,100.3307,2.347132,0,0.0,0.033691,0.001709,1.061279,-11.73282,5.938931,-1.51145,-1.818296,0.092263,29.47118,False,2625.3,2.115626,2.313046,7.140484,0.930645,False,True,True,True,True,False,False,False,False,False,500,87053,555,1,98927.33333333333
421199,421752,421753,-39195,-39315,42.7461,120,120.0692,99.04595,99.0991,2.318319,0,0.0,0.037598,0.000244,1.061035,-11.53435,5.946565,-1.450382,-2.029415,0.013184,29.51824,False,2624.9,2.115304,2.312693,7.139396,0.930172,False,True,True,True,True,False,False,False,False,False,500,87720,553,1,99765.70056497175
421862,422417,422417,-39218,-39315,42.7461,97,97.04788,98.76154,99.07829,2.317832,0,0.0,0.034912,0.001709,1.065186,-11.47328,5.969466,-1.40458,-1.877226,0.091925,29.47118,False,2625.5,2.115788,2.313222,7.141028,0.930882,False,True,True,True,True,False,False,False,False,False,500,88383,555,0,100604.06779661016
423193,423746,423747,-39209,-39315,42.7461,106,106.0613,102.3366,99.10268,2.318403,0,0.0,0.037598,0.001709,1.059814,-11.66412,6.145038,-1.618321,-2.031748,0.092391,29.42412,False,2625.3,2.115626,2.313046,7.140484,0.930645,False,True,True,True,True,False,False,False,False,False,500,89714,553,1,101442.43502824858
423858,424410,424411,-39222,-39315,42.7461,93,93.0372,101.4798,100.3688,2.348021,0,0.0,0.031494,0.01001,1.067383,-11.54198,6.076336,-1.648855,-1.689998,0.537295,29.56529,False,2620.0,2.111355,2.308376,7.126069,0.924378,False,True,True,True,True,False,False,False,False,False,500,90379,552,1,102280.802259887
424523,425075,425076,-39219,-39315,42.7461,96,96.05579,102.1944,100.8037,2.358197,0,0.0,0.037842,0.006592,1.063965,-11.49618,6.030534,-1.679389,-2.036924,0.354971,29.56529,False,2623.8,2.114418,2.311724,7.136404,0.928871,False,True,True,True,True,False,False,False,False,False,500,91044,552,1,103119.16949152542
425187,425740,425741,-39230,-39315,42.7461,85,85.02413,100.3343,101.3482,2.370935,0,0.0,0.026367,0.003174,1.060791,-11.40458,5.763359,-1.465649,-1.42385,0.171425,29.61235,False,2622.1,2.113048,2.310226,7.131781,0.926861,False,True,True,True,True,False,False,False,False,False,500,91708,553,1,103957.53672316384
425850,426404,426405,-39206,-39315,42.7461,109,109.0553,98.76083,100.9512,2.361648,0,0.0,0.0354,0.000732,1.065674,-11.70229,6.030534,-1.778626,-1.902592,0.039378,29.51824,False,2622.9,2.113692,2.310931,7.133956,0.927807,False,True,True,True,True,False,False,False,False,False,500,92371,554,1,104795.90395480226
426515,427069,427070,-39186,-39315,42.7461,129,129.0697,103.3354,100.0937,2.341587,0,0.0,0.036133,0.002441,1.053955,-11.69466,6.175572,-1.618321,-1.963496,0.132721,29.56529,False,2623.7,2.114337,2.311636,7.136132,0.928753,False,True,True,True,True,False,False,False,False,False,500,93036,554,1,105634.27118644067
427181,427733,427734,-39230,-39315,42.7461,85,85.02877,100.4761,101.3628,2.371276,0,0.0,0.028564,0.010498,1.05249,-11.65649,5.931298,-1.48855,-1.554538,0.571476,29.56529,False,2624.8,2.115223,2.312605,7.139124,0.930054,False,True,True,True,True,False,False,False,False,False,500,93702,552,1,106472.63841807909
427844,428398,428399,-39207,-39315,42.7461,108,108.0695,100.7629,101.0156,2.363155,0,0.0,0.039795,0.007813,1.062988,-11.68702,6.015267,-1.458015,-2.143909,0.42109,29.51824,False,2624.1,2.114659,2.311988,7.13722,0.929226,False,True,True,True,True,False,False,False,False,False,500,94365,554,1,107311.00564971751
428508,429063,429064,-39195,-39315,42.7461,120,120.0275,104.6187,100.9167,2.36084,0,0.0,0.023682,0.001465,1.060791,-11.54198,6.091603,-1.366412,-1.278884,0.079119,29.47118,False,2624.3,2.11482,2.312165,7.137764,0.929463,False,True,True,True,True,False,False,False,False,False,500,95029,555,1,108149.37288135593
429175,429727,429728,-39197,-39315,42.7461,118,118.0435,107.7598,102.366,2.394746,0,0.0,0.030029,0.001953,1.059814,-11.63359,6.19084,-1.503817,-1.623006,0.10559,29.61235,False,2621.5,2.112564,2.309698,7.130148,0.926151,False,True,True,True,True,False,False,False,False,False,500,95696,552,1,108987.74011299435
429840,430392,430393,-39215,-39315,42.7461,100,100.049,109.9062,104.4777,2.444145,0,0.0,0.034424,0.007568,1.053711,-11.61832,5.824428,-1.610687,-1.871086,0.411523,29.56529,False,2625.1,2.115465,2.312869,7.13994,0.930409,False,True,True,True,True,False,False,False,False,False,500,96361,552,1,109826.10734463276
430502,431056,431057,-39232,-39315,42.7461,83,83.03037,106.1884,106.603,2.493864,0,0.0,0.029785,0.002686,1.05542,-11.58779,6.183206,-1.580153,-1.616514,0.14579,29.51824,False,2618.8,2.110388,2.307319,7.122805,0.922959,False,True,True,True,True,False,False,False,False,False,500,97023,554,1,110664.47457627118
431834,432386,432386,-39222,-39315,42.7461,93,93.03895,104.0442,105.0544,2.457638,0,0.0,0.031982,0.004639,1.059326,-11.59542,6.152672,-1.59542,-1.729288,0.25089,29.47118,False,2625.2,2.115546,2.312958,7.140212,0.930527,False,True,True,True,True,False,False,False,False,False,500,98355,552,0,111502.8418079096
432496,433050,433051,-39224,-39315,42.7461,91,91.02566,101.6094,104.6589,2.448385,0,0.0,0.026367,0.005859,1.064453,-11.63359,5.984733,-1.664122,-1.418938,0.315386,29.56529,False,2624.8,2.115223,2.312605,7.139124,0.930054,False,True,True,True,True,False,False,False,False,False,500,99017,554,1,112341.20903954802
433162,433715,433716,-39184,-39315,42.7461,131,131.0445,103.1832,103.465,2.420455,0,0.0,0.028809,0.00293,1.059326,-11.54198,6.045802,-1.770992,-1.557777,0.158457,29.47118,False,2593.9,2.090322,2.28538,7.05508,0.893513,False,True,True,True,True,False,False,False,False,False,500,99683,553,1,113179.57627118644
433826,434380,434380,-39216,-39315,42.7461,99,99.0431,100.4689,103.3547,2.417874,0,0.0,0.032471,-0.002441,1.054932,-11.77863,5.992366,-1.725191,-1.762994,-0.132598,29.47118,False,2624.1,2.114659,2.311988,7.13722,0.929226,False,True,True,True,True,False,False,False,False,False,500,100347,554,0,114017.94350282486
435160,435709,435710,-39216,-39315,42.7461,99,99.03093,104.6108,102.2641,2.392361,0,0.0,0.027588,0.001709,1.058105,-11.53435,6.198473,-1.748092,-1.493524,0.09254,29.61235,False,2625.5,2.115788,2.313222,7.141028,0.930882,False,True,True,True,True,False,False,False,False,False,500,101681,549,1,114856.31073446327
435819,436373,436374,-39187,-39315,42.7461,128,128.0461,107.7531,103.1829,2.413854,0,0.0,0.029785,0.002441,1.063721,-11.68702,6.061069,-1.419847,-1.603907,0.131502,29.61235,False,2626.8,2.116835,2.314367,7.144564,0.932419,False,True,True,True,True,False,False,False,False,False,500,102340,554,1,115694.67796610169
436485,437038,437039,-39220,-39315,42.7461,95,95.05102,108.0405,104.9721,2.455712,0,0.0,0.036133,0.005859,1.056885,-11.61832,5.992366,-1.312977,-1.958033,0.317644,29.51824,False,2626.3,2.116432,2.313926,7.143204,0.931828,False,True,True,True,True,False,False,False,False,False,500,103006,553,1,116533.04519774011
437148,437703,437704,-39225,-39315,42.7461,90,90.03329,107.8988,106.1734,2.483815,0,0.0,0.030029,0.006104,1.05835,-11.48855,5.763359,-1.534351,-1.625227,0.330421,29.56529,False,2625.6,2.115868,2.31331,7.1413,0.931,False,True,True,True,True,False,False,False,False,False,500,103669,555,1,117371.41242937853
437814,438367,438368,-39206,-39315,42.7461,109,109.0459,104.7561,106.8489,2.499617,0,0.0,0.031982,0.009033,1.056641,-11.61069,6.045802,-1.603053,-1.733633,0.489808,29.51824,False,2624.0,2.114579,2.3119,7.136948,0.929108,False,True,True,True,True,False,False,False,False,False,500,104335,553,1,118209.77966101695
438477,439032,439033,-39206,-39315,42.7461,109,109.044,106.1848,106.0296,2.48045,0,0.0,0.031494,0.003174,1.062012,-11.57252,6.022901,-1.572519,-1.698607,0.171228,29.56529,False,2623.5,2.114176,2.31146,7.135588,0.928517,False,True,True,True,True,False,False,False,False,False,500,104998,555,1,119048.14689265536
439144,439697,439698,-39207,-39315,42.7461,108,108.0458,105.4711,106.0904,2.481872,0,0.0,0.031982,0.009277,1.053223,-11.58779,6.0,-1.625954,-1.739252,0.504677,29.56529,False,2624.9,2.115304,2.312693,7.139396,0.930172,False,True,True,True,True,False,False,False,False,False,500,105665,553,1,119886.51412429378
439806,440361,440362,-39202,-39315,42.7461,113,113.0529,107.4742,105.8479,2.4762,0,0.0,0.033936,0.006836,1.063232,-11.34351,6.290076,-1.656489,-1.828066,0.368371,29.61235,False,2626.0,2.11619,2.313662,7.142388,0.931473,False,True,True,True,True,False,False,False,False,False,500,106327,555,1,120724.8813559322
440473,441026,441027,-39192,-39315,42.7461,123,123.0379,106.7587,106.4846,2.491095,0,0.0,0.027344,0.003662,1.056396,-11.50382,6.015267,-1.519084,-1.4827,0.198621,29.56529,False,2624.9,2.115304,2.312693,7.139396,0.930172,False,True,True,True,True,False,False,False,False,False,500,106994,553,1,121563.24858757062
441135,441691,441692,-39205,-39315,42.7461,110,110.0535,108.9019,106.5919,2.493606,0,0.0,0.034424,0.001465,1.058105,-11.84733,5.992366,-1.450382,-1.863366,0.07932,29.56529,False,2625.4,2.115707,2.313134,7.140756,0.930764,False,True,True,True,True,False,False,False,False,False,500,107656,556,1,122401.61581920904
442466,443020,443021,-39201,-39315,42.7461,114,114.0389,111.6167,108.8302,2.545968,0,0.0,0.029053,0.007568,1.066406,-11.51145,5.984733,-1.778626,-1.560514,0.406624,29.61235,False,2624.2,2.11474,2.312076,7.137492,0.929344,False,True,True,True,True,False,False,False,False,False,500,108987,554,1,123239.98305084746
445008,445488,445489,-39195,-39315,42.7461,120,120.0835,115.4815,112.0414,2.621091,0,0.0,0.04126,-0.000732,1.060303,-11.41985,6.114504,-1.19084,-2.228432,-0.039578,29.61235,False,2625.8,2.116029,2.313486,7.141844,0.931236,False,True,True,True,True,False,False,False,False,False,500,111529,480,1,124078.35028248587
446263,446817,446818,-39195,-39315,42.7461,120,120.0506,113.7659,112.977,2.642977,0,0.0,0.031738,0.005615,1.047607,-11.59542,5.847328,-1.412214,-1.735271,0.307105,29.56529,False,2624.9,2.115304,2.312693,7.139396,0.930172,False,True,True,True,True,False,False,False,False,False,500,112784,554,1,124916.71751412429
447593,448146,448147,-39229,-39315,42.7461,86,86.0486,107.6223,112.634,2.634954,0,0.0,0.037109,0.008789,1.058105,-11.90076,6.290076,-1.519084,-2.008553,0.47591,29.47118,False,2626.2,2.116352,2.313838,7.142932,0.931709,False,True,True,True,True,False,False,False,False,False,500,114114,553,1,125755.08474576271
448258,448811,448812,-39179,-39315,42.7461,136,136.0869,111.7681,110.6719,2.589053,0,0.0,0.039551,0.004395,1.060303,-11.93893,6.030534,-1.557252,-2.136199,0.237466,29.61235,False,2624.1,2.114659,2.311988,7.13722,0.929226,False,True,True,True,True,False,False,False,False,False,500,114779,553,1,126593.45197740113
450253,450805,450806,-39202,-39315,42.7461,113,113.0442,105.7609,107.8165,2.522253,0,0.0,0.030762,0.001465,1.054688,-11.1145,5.977099,-1.114504,-1.670648,0.079577,29.70647,False,2624.6,2.115062,2.312429,7.13858,0.929817,False,True,True,True,True,False,False,False,False,False,500,116774,552,1,127431.81920903955
450916,451470,451471,-39205,-39315,42.7461,110,110.148,104.3462,107.0117,2.503426,0,0.0,0.057129,0.009277,1.055664,-10.19847,8.954199,-0.572519,-3.097502,0.50351,29.61235,False,2625.6,2.115868,2.31331,7.1413,0.931,False,True,True,True,True,False,False,False,False,False,500,117437,554,1,128270.18644067796
452915,453464,453465,-16829,-39315,42.7461,22486,22705.01,22705.01,22705.01,531.1598,0,531.0,0.148438,-0.207275,0.996094,-23.60305,-4.007634,-11.60305,-8.300552,-11.7548,29.56529,True,2623.9,2.114498,2.311812,7.136676,0.92899,False,True,True,True,True,False,False,False,False,False,500,119436,549,1,129108.55367231638
454239,454793,454794,36951,-39315,42.7461,76266,76594.91,76594.91,76594.91,1791.857,0,1792.0,0.0979,-0.01709,1.009521,-11.90076,-3.29771,14.90076,-5.538252,-0.969846,29.51824,True,2626.9,2.116916,2.314455,7.144836,0.932537,False,True,True,True,True,False,False,False,False,False,500,120760,554,1,129946.9209039548
454905,455458,455459,53266,-39315,42.7461,92581,94469.65,94469.65,94469.65,2210.018,0,2210.0,0.220947,-0.004883,1.043945,-14.60305,18.57252,-12.18321,-11.94994,-0.267985,29.65941,True,2624.8,2.115223,2.312605,7.139124,0.930054,False,True,True,True,True,False,False,False,False,False,500,121426,553,1,130785.28813559322
456236,456787,456788,134389,-39315,42.7461,173704,173714.9,173714.9,173714.9,4063.876,0,4064.0,0.012939,0.049316,1.107178,-25.55725,24.61832,0.259542,-0.668914,2.550403,29.61235,True,2624.9,2.115304,2.312693,7.139396,0.930172,False,True,True,True,True,False,False,False,False,False,500,122757,551,1,131623.65536723164
457566,458116,458117,107359,-39315,42.7461,146674,146755.6,146755.6,146755.6,3433.192,0,3433.0,-0.03833,0.051758,1.100342,2.793893,18.74809,-5.183206,1.992868,2.693084,29.61235,True,2623.4,2.114095,2.311372,7.135316,0.928398,False,True,True,True,True,False,False,False,False,False,500,124087,550,1,132462.02259887004
459745,460300,460301,102922,-39315,42.7461,142237,143620.3,143620.3,143620.3,3359.846,0,3360.0,0.151367,0.132568,1.029785,-20.86259,6.10687,14.12977,-8.294473,7.335553,29.61235,True,2626.1,2.116271,2.31375,7.14266,0.931591,False,True,True,True,True,False,False,False,False,False,500,126266,555,1,133300.38983050847
461780,462294,462295,36227,-39315,42.7461,75542,75554.05,75554.05,75554.05,1767.507,0,1767.5,0.02124,-0.272461,1.106689,-22.45802,7.625954,-14.16031,-1.067644,-13.83082,29.65941,True,2625.2,2.115546,2.312958,7.140212,0.930527,False,True,True,True,True,False,False,False,False,False,500,128301,514,1,134138.75706214688
463071,463623,463624,155259,-39315,42.7461,194574,194635.4,194635.4,194635.4,4553.29,0,4553.0,0.030273,0.380615,1.091064,-4.694656,3.526718,18.56489,-1.500708,19.23116,29.61235,True,2625.5,2.115788,2.313222,7.141028,0.930882,False,True,True,True,True,False,False,False,False,False,500,129592,552,1,134977.1242937853
465890,466377,466378,-27651,-39315,42.7461,11664,11664.77,11664.77,11664.77,272.8849,0,273.0,0.014648,0.215576,1.205811,-20.98473,77.82442,-52.90076,-0.685143,10.13629,29.61235,True,2622.9,2.113692,2.310931,7.133956,0.927807,False,True,True,True,True,False,False,False,False,False,500,132411,487,1,135815.4915254237
467823,468371,468372,-39241,-39315,42.7461,74,74.00504,74.00504,74.00504,1.73127,0,0.0,-0.013184,0.055176,1.082031,-2.412214,5.274809,10.77099,0.697157,2.919136,29.70647,True,2623.1,2.113853,2.311107,7.134501,0.928044,False,True,True,True,True,False,False,False,False,False,500,134344,548,1,136653.85875706215
468484,469036,469037,-39021,-39315,42.7461,294,294.0072,294.0072,294.0072,6.877989,0,7.0,-0.007813,0.031738,1.066895,-2.641221,-0.122137,18.66412,0.419363,1.703945,29.65941,True,2624.7,2.115143,2.312517,7.138852,0.929936,False,True,True,True,True,False,False,False,False,False,500,135005,552,1,137492.22598870055
470810,471315,471316,-38871,-39315,42.7461,444,444.0147,191.3009,155.7168,3.642829,0,0.0,0.009033,0.013428,1.063232,-14.80916,7.832061,-5.541985,-0.486732,0.723558,29.75353,False,2622.1,2.113048,2.310226,7.131781,0.926861,False,True,True,True,True,False,False,False,False,False,500,137331,505,1,138330.59322033898
473263,473783,473784,-38986,-39315,42.7461,329,329.0154,243.5833,193.1207,4.517856,0,0.0,0.010742,0.016113,1.063965,-12.03817,6.068702,-1.770992,-0.578392,0.867651,29.65941,False,2624.5,2.114982,2.312341,7.138308,0.929699,False,True,True,True,True,False,False,False,False,False,500,139784,520,1,139168.9604519774
474560,475113,475114,-38990,-39315,42.7461,325,325.0108,287.5804,232.8395,5.447034,0,5.5,0.009033,0.018799,1.063232,-11.64886,6.099236,-2.351145,-0.486695,1.012929,29.65941,False,2623.9,2.114498,2.311812,7.136676,0.92899,False,True,True,True,True,False,False,False,False,False,500,141081,553,1,140007.32768361582
475223,475777,475778,-39020,-39315,42.7461,295,295.0286,315.4407,254.2705,5.948391,0,6.0,0.015381,0.017334,1.058594,-12.03817,5.946565,-2.274809,-0.832308,0.938106,29.65941,False,2625.6,2.115868,2.31331,7.1413,0.931,False,True,True,True,True,False,False,False,False,False,500,141744,554,1,140845.69491525422
475891,476442,476443,-38989,-39315,42.7461,326,326.0121,298.5832,278.2187,6.508632,0,6.5,0.009521,0.012451,1.061035,-11.25954,5.748092,-1.366412,-0.514109,0.67233,29.65941,False,2623.1,2.113853,2.311107,7.134501,0.928044,False,True,True,True,True,False,False,False,False,False,500,142412,551,1,141684.06214689265
476555,477107,477108,-38981,-39315,42.7461,334,334.0211,328.2998,286.1914,6.695146,0,6.5,0.012451,0.019043,1.0625,-11.61832,5.900764,-1.389313,-0.671295,1.026788,29.56529,False,2626.1,2.116271,2.31375,7.14266,0.931591,False,True,True,True,True,False,False,False,False,False,500,143076,552,1,142522.42937853106
477220,477772,477772,-39016,-39315,42.7461,299,299.0164,315.5868,302.6768,7.080805,0,7.0,0.011475,0.019287,1.051514,-11.68702,6.167939,-1.793893,-0.625107,1.050812,29.61235,False,2624.4,2.114901,2.312253,7.138036,0.929581,False,True,True,True,True,False,False,False,False,False,500,143741,552,0,143360.7966101695
478548,479101,479102,-39004,-39315,42.7461,311,311.0202,313.017,309.2402,7.234349,0,7.0,0.012695,0.017822,1.066895,-11.74046,6.274809,-1.633588,-0.681652,0.957024,29.75353,False,2625.2,2.115546,2.312958,7.140212,0.930527,False,True,True,True,True,False,False,False,False,False,500,145069,553,1,144199.1638418079
479212,479766,479766,-38979,-39315,42.7461,336,336.0172,314.5894,310.7188,7.26894,0,7.0,0.01123,0.015137,1.0625,-11.80153,6.015267,-1.732824,-0.605523,0.816197,29.65941,False,2624.6,2.115062,2.312429,7.13858,0.929817,False,True,True,True,True,False,False,False,False,False,500,145733,554,0,145037.53107344633
479877,480430,480431,-38992,-39315,42.7461,323,323.0125,318.5871,312.2341,7.304389,0,7.0,0.009766,0.02002,1.066406,-11.51145,5.80916,-1.541985,-0.524578,1.075479,29.75353,False,2625.6,2.115868,2.31331,7.1413,0.931,False,True,True,True,True,False,False,False,False,False,500,146398,553,1,145875.89830508473
480540,481095,481096,-38979,-39315,42.7461,336,336.0384,320.0194,314.7213,7.362574,0,7.0,0.016602,0.015381,1.052734,-11.8626,5.67939,-1.473282,-0.903378,0.837052,29.65941,False,2624.9,2.115304,2.312693,7.139396,0.930172,False,True,True,True,True,False,False,False,False,False,500,147061,555,1,146714.26553672316
481208,481760,481760,-38995,-39315,42.7461,320,320.0132,318.0182,316.7955,7.411097,0,7.5,0.01001,0.015137,1.057861,-11.55725,5.91603,-1.671756,-0.542075,0.819776,29.70647,False,2626.3,2.116432,2.313926,7.143204,0.931828,False,True,True,True,True,False,False,False,False,False,500,147729,552,0,147552.63276836157
481870,482424,482425,-38981,-39315,42.7461,334,334.021,323.0189,317.2742,7.422296,0,7.5,0.012451,0.016602,1.063965,-11.65649,5.870229,-1.236641,-0.670397,0.893939,29.70647,False,2623.0,2.113773,2.311019,7.134228,0.927925,False,True,True,True,True,False,False,False,False,False,500,148391,554,1,148391.0
