tBeforeMeasure,tAfterMeasure,tAfterAlgo,realValue_WU,OFFSET,calibrationFactor,relativeVal_WU,realValue_WU_AngleAdj,realValue_WU_MovAvg,realValue_WU_Filt,realValue,realValueFiltered,correctedValueFiltered,myAx,myAy,myAz,myGx,myGy,myGz,thetadeg,phideg,myTmp,bSync,vccReadBits,vccReadVolts,vccGPIO,vccVolts,ratioVCCMAX,B_GOOGLE_HTTPREQ,B_SERIALPORT,B_SERIALTELNET,B_ANGLE_ADJUSTMENT,B_DEBUG_MODE,BF_GOOGLE_HTTPREQ,BF_SERIALPORT,BF_SERIALTELNET,BF_MPU,BF_WIFI,realWeight,timeNorm,timeMeasure,timeAlgo,timeSim
233023,233588,233588,-4390,-4392,42.7461,2,2.001501,-10.43723,-17.02122,-0.398193,0,0.0,0.042969,0.053711,1.061768,-11.64122,5.885496,-1.778626,-2.314481,2.895909,28.81235,False,1870.5,1.507363,1.648022,5.087523,0,False,True,True,True,True,False,False,False,False,False,500,0,565,0,0.0
234363,234916,234917,-4399,-4392,42.7461,-7,-7.004093,-8.576653,-11.81094,-0.276304,0,0.0,0.038086,0.05127,1.066406,-11.58015,5.946565,-1.977099,-2.043046,2.752479,28.81235,False,1867.6,1.505026,1.645467,5.079636,0,False,True,True,True,True,False,False,False,False,False,500,1340,553,1,742.4217391304347
235026,235581,235582,-4396,-4392,42.7461,-4,-4.00242,-10.0065,-10.54471,-0.246683,0,0.0,0.038574,0.049561,1.061768,-11.69466,5.877862,-1.312977,-2.078386,2.672472,28.90647,False,1865.7,1.503495,1.643793,5.074468,0,False,True,True,True,True,False,False,False,False,False,500,2003,555,1,1484.8434782608695
235693,236245,236246,-4425,-4392,42.7461,-33,-33.02134,-10.14956,-10.33401,-0.241753,0,0.0,0.039795,0.050293,1.05957,-11.54962,5.961832,-1.671756,-2.14846,2.717523,28.7653,False,1867.1,1.504623,1.645026,5.078276,0,False,True,True,True,True,False,False,False,False,False,500,2670,552,1,2227.2652173913043
236357,236910,236910,-4406,-4392,42.7461,-14,-14.00932,-13.15175,-10.2618,-0.240064,0,0.0,0.040527,0.05249,1.063232,-11.51908,5.80916,-1.664122,-2.180235,2.826308,28.90647,False,1865.8,1.503575,1.643881,5.07474,0,False,True,True,True,True,False,False,False,False,False,500,3334,553,0,2969.686956521739
237021,237574,237575,-4402,-4392,42.7461,-10,-10.00664,-13.00862,-11.39321,-0.266532,0,0.0,0.040283,0.053223,1.05835,-11.47328,5.770992,-1.687023,-2.177003,2.878878,28.85941,False,1866.3,1.503978,1.644321,5.0761,0,False,True,True,True,True,False,False,False,False,False,500,3998,553,1,3712.1086956521735
237683,238238,238239,-4407,-4392,42.7461,-15,-15.01401,-15.43941,-12.02565,-0.281327,0,0.0,0.047852,0.053467,1.060059,-11.65649,6.061069,-1.328244,-2.581322,2.887407,28.90647,False,1866.4,1.504059,1.644409,5.076372,0,False,True,True,True,True,False,False,False,False,False,500,4660,555,1,4454.530434782609
238349,238903,238904,-4410,-4392,42.7461,-18,-18.01821,-14.43943,-13.36214,-0.312593,0,0.0,0.049805,0.049805,1.060059,-11.72519,5.885496,-1.480916,-2.686981,2.689941,28.95353,False,1866.9,1.504462,1.64485,5.077732,0,False,True,True,True,True,False,False,False,False,False,500,5326,554,1,5196.952173913043
239013,239567,239568,-4411,-4392,42.7461,-19,-19.014,-16.15513,-13.7839,-0.32246,0,0.0,0.04248,0.052246,1.05957,-11.60305,5.969466,-1.435115,-2.293094,2.822891,28.81235,False,1865.9,1.503656,1.643969,5.075012,0,False,True,True,True,True,False,False,False,False,False,500,5990,554,1,5939.373913043478
239678,240232,240233,-4393,-4392,42.7461,-1,-1.000936,-15.72635,-14.71223,-0.344177,0,0.0,0.048096,0.047852,1.064209,-11.62595,6.022901,-1.29771,-2.585042,2.574533,28.90647,False,1866.1,1.503817,1.644145,5.075556,0,False,True,True,True,True,False,False,False,False,False,500,6655,554,1,6681.7956521739125
240339,240896,240897,-4400,-4392,42.7461,-8,-8.006972,-12.15287,-15.10926,-0.353465,0,0.0,0.046143,0.05249,1.058105,-11.49618,5.816794,-1.534351,-2.493942,2.83998,28.95353,False,1868.1,1.505429,1.645907,5.080996,0,False,True,True,True,True,False,False,False,False,False,500,7316,557,1,7424.217391304347
241010,241561,241561,-4416,-4392,42.7461,-24,-24.01234,-13.58187,-13.95183,-0.326388,0,0.0,0.035645,0.048828,1.064453,-11.64122,5.763359,-1.496183,-1.915886,2.6264,28.85941,False,1867.2,1.504703,1.645114,5.078548,0,False,True,True,True,True,False,False,False,False,False,500,7987,551,0,8166.639130434782
242338,242889,242890,-4422,-4392,42.7461,-30,-30.02134,-15.86903,-13.77494,-0.32225,0,0.0,0.041748,0.050781,1.059814,-11.75572,5.755725,-1.374046,-2.253232,2.743236,28.85941,False,1866.0,1.503736,1.644057,5.075284,0,False,True,True,True,True,False,False,False,False,False,500,9315,551,1,8909.060869565217
243000,243554,243554,-4420,-4392,42.7461,-28,-28.01972,-17.29782,-14.59478,-0.341429,0,0.0,0.041504,0.052979,1.058838,-11.75572,5.931298,-1.435115,-2.241901,2.864375,28.81235,False,1865.5,1.503333,1.643617,5.073924,0,False,True,True,True,True,False,False,False,False,False,500,9977,554,0,9651.482608695651
243667,244218,244219,-4388,-4392,42.7461,4,4.003514,-14.0096,-15.65302,-0.366186,0,0.0,0.045898,0.052734,1.04834,-11.64886,5.89313,-1.572519,-2.503757,2.879701,28.90647,False,1865.7,1.503495,1.643793,5.074468,0,False,True,True,True,True,False,False,False,False,False,500,10644,551,1,10393.904347826086
244327,244882,244883,-4417,-4392,42.7461,-25,-25.0203,-17.44094,-15.00962,-0.351134,0,0.0,0.044434,0.050537,1.055664,-11.70992,5.954198,-1.312977,-2.407435,2.740784,28.85941,False,1867.2,1.504703,1.645114,5.078548,0,False,True,True,True,True,False,False,False,False,False,500,11304,555,1,11136.32608695652
244993,245547,245548,-4406,-4392,42.7461,-14,-14.01284,-18.29892,-15.96148,-0.373402,0,0.0,0.047607,0.050049,1.064209,-11.62595,5.885496,-1.358779,-2.558591,2.692581,28.85941,False,1866.7,1.5043,1.644674,5.077188,0,False,True,True,True,True,False,False,False,False,False,500,11970,554,1,11878.747826086956
246323,246876,246876,-4414,-4392,42.7461,-22,-22.01994,-17.15646,-16.37036,-0.382967,0,0.0,0.046875,0.051025,1.054199,-11.64886,6.175572,-1.694657,-2.543002,2.771063,28.85941,False,1867.3,1.504784,1.645202,5.07882,0,False,True,True,True,True,False,False,False,False,False,500,13300,553,0,12621.169565217391
246985,247540,247541,-4393,-4392,42.7461,-1,-1.000716,-13.01066,-16.67812,-0.390167,0,0.0,0.041992,0.058105,1.062012,-11.68702,5.824428,-1.534351,-2.260926,3.131674,28.85941,False,1866.4,1.504059,1.644409,5.076372,0,False,True,True,True,True,False,False,False,False,False,500,13962,555,1,13363.591304347825
247651,248204,248205,-4391,-4392,42.7461,1,1.000646,-8.864895,-15.24231,-0.356578,0,0.0,0.039795,0.05542,1.05957,-11.66412,6.007634,-1.641221,-2.147943,2.994072,28.85941,False,1866.5,1.504139,1.644498,5.076644,0,False,True,True,True,True,False,False,False,False,False,500,14628,553,1,14106.01304347826
248314,248869,248871,-4411,-4392,42.7461,-19,-19.01467,-12.15321,-12.74555,-0.298169,0,0.0,0.043457,0.054199,1.058838,-11.65649,5.78626,-1.572519,-2.347151,2.930261,28.95353,False,1867.1,1.504623,1.645026,5.078276,0,False,True,True,True,True,False,False,False,False,False,500,15291,555,2,14848.434782608694
248981,249533,249534,-4396,-4392,42.7461,-4,-4.004087,-9.150889,-12.51365,-0.292744,0,0.0,0.050049,0.050049,1.060059,-11.64122,5.885496,-1.70229,-2.700104,2.703107,28.85941,False,1866.1,1.503817,1.644145,5.075556,0,False,True,True,True,True,False,False,False,False,False,500,15958,552,1,15590.85652173913
249643,250198,250198,-4422,-4392,42.7461,-30,-30.02267,-11.43801,-11.19713,-0.261945,0,0.0,0.043213,0.052246,1.064209,-11.63359,6.045802,-1.618321,-2.322455,2.810606,28.81235,False,1865.7,1.503495,1.643793,5.074468,0,False,True,True,True,True,False,False,False,False,False,500,16620,555,0,16333.278260869563
250309,250862,250863,-4420,-4392,42.7461,-28,-28.01849,-14.7257,-11.29143,-0.264151,0,0.0,0.040283,0.057617,1.061035,-11.74046,6.152672,-1.51145,-2.171044,3.108262,28.90647,False,1866.8,1.504381,1.644762,5.07746,0,False,True,True,True,True,False,False,False,False,False,500,17286,553,1,17075.699999999997
250972,251526,251527,-4374,-4392,42.7461,18,18.01479,-9.006453,-12.63595,-0.295605,0,0.0,0.044922,0.054199,1.060791,-11.69466,5.992366,-1.450382,-2.421725,2.924875,29.00059,False,1867.5,1.504945,1.645379,5.079364,0,False,True,True,True,True,False,False,False,False,False,500,17949,554,1,17818.121739130434
251638,252191,252192,-4411,-4392,42.7461,-19,-19.01474,-11.57988,-11.215,-0.262363,0,0.0,0.043701,0.052979,1.062256,-11.72519,6.015267,-1.633588,-2.352891,2.855174,28.90647,False,1867.1,1.504623,1.645026,5.078276,0,False,True,True,True,True,False,False,False,False,False,500,18615,553,1,18560.543478260868
252300,252855,252857,-4408,-4392,42.7461,-16,-16.01421,-14.01058,-11.35785,-0.265705,0,0.0,0.046875,0.054932,1.064697,-11.58015,5.900764,-1.519084,-2.51756,2.953474,28.95353,False,1865.7,1.503495,1.643793,5.074468,0,False,True,True,True,True,False,False,False,False,False,500,19277,555,2,19302.965217391302
252969,253520,253521,-4418,-4392,42.7461,-26,-26.01713,-15.01093,-12.3964,-0.290001,0,0.0,0.040283,0.054443,1.062256,-11.69466,6.183206,-1.618321,-2.168899,2.933983,28.85941,False,1866.6,1.50422,1.644586,5.076916,0,False,True,True,True,True,False,False,False,False,False,500,19946,551,1,20045.38695652174
253629,254184,254185,-4414,-4392,42.7461,-22,-22.01669,-17.58416,-13.41999,-0.313946,0,0.0,0.043213,0.057373,1.062012,-11.64122,6.114504,-1.648855,-2.326666,3.092276,28.95353,False,1867.0,1.504542,1.644938,5.078004,0,False,True,True,True,True,False,False,False,False,False,500,20606,555,1,20787.808695652173
254960,255513,255514,-4403,-4392,42.7461,-11,-11.00889,-10.57937,-14.25123,-0.333393,0,0.0,0.044678,0.055176,1.063721,-11.49618,5.946565,-1.503817,-2.401857,2.969296,28.85941,False,1868.0,1.505348,1.645819,5.080724,0,False,True,True,True,True,False,False,False,False,False,500,21937,553,1,21530.230434782607
255625,256177,256178,-4429,-4392,42.7461,-37,-37.03133,-18.4431,-12.8137,-0.299763,0,0.0,0.045654,0.05542,1.062012,-11.71756,6.061069,-1.557252,-2.458198,2.987201,28.90647,False,1867.4,1.504864,1.645291,5.079092,0,False,True,True,True,True,False,False,False,False,False,500,22602,552,1,22272.65217391304
256288,256842,256842,-4393,-4392,42.7461,-1,-1.000511,-15.86964,-15.01761,-0.351321,0,0.0,0.035156,0.051514,1.052979,-11.64886,5.832061,-1.51145,-1.909962,2.800777,28.85941,False,1866.7,1.5043,1.644674,5.077188,0,False,True,True,True,True,False,False,False,False,False,500,23265,554,0,23015.073913043478
256954,257506,257507,-4401,-4392,42.7461,-9,-9.007178,-14.86864,-15.35118,-0.359125,0,0.0,0.044189,0.051025,1.059326,-11.37405,5.938931,-1.778626,-2.385922,2.757673,28.90647,False,1865.8,1.503575,1.643881,5.07474,0,False,True,True,True,True,False,False,False,False,False,500,23931,552,1,23757.49565217391
257621,258170,258171,-4413,-4392,42.7461,-21,-21.02142,-14.15496,-15.16226,-0.354705,0,0.0,0.050049,0.049805,1.061035,-11.58015,5.946565,-1.641221,-2.697657,2.687469,28.95353,False,1866.4,1.504059,1.644409,5.076372,0,False,True,True,True,True,False,False,False,False,False,500,24598,549,1,24499.917391304345
258283,258835,258835,-4399,-4392,42.7461,-7,-7.005532,-12.01051,-14.76791,-0.34548,0,0.0,0.044189,0.051025,1.064209,-11.53435,5.954198,-1.603053,-2.375012,2.745039,28.85941,False,1865.8,1.503575,1.643881,5.07474,0,False,True,True,True,True,False,False,False,False,False,500,25260,552,0,25242.339130434782
258948,259499,259500,-4386,-4392,42.7461,6,6.005691,-11.43845,-13.68839,-0.320225,0,0.0,0.048584,0.053223,1.067871,-11.60305,5.816794,-1.526718,-2.601708,2.853252,28.90647,False,1866.2,1.503897,1.644233,5.075828,0,False,True,True,True,True,False,False,False,False,False,500,25925,551,1,25984.760869565216
259608,260163,260164,-4377,-4392,42.7461,15,15.01245,-7.721115,-12.80754,-0.299619,0,0.0,0.044922,0.051025,1.05542,-11.55725,5.70229,-1.496183,-2.434366,2.767864,28.85941,False,1864.5,1.502527,1.642736,5.071204,0,False,True,True,True,True,False,False,False,False,False,500,26585,555,1,26727.18260869565
260275,260828,260829,-4414,-4392,42.7461,-22,-22.02104,-5.576789,-10.8162,-0.253034,0,0.0,0.048584,0.051514,1.063477,-11.56489,5.885496,-1.427481,-2.612623,2.773173,28.85941,False,1865.9,1.503656,1.643969,5.075012,0,False,True,True,True,True,False,False,False,False,False,500,27252,553,1,27469.604347826084
260938,261492,261493,-4392,-4392,42.7461,0,0.0,-5.433858,-8.764972,-0.205047,0,0.0,0.040771,0.049805,1.05542,-11.67939,5.824428,-1.473282,-2.209807,2.701746,28.90647,False,1868.2,1.505509,1.645995,5.081268,0,False,True,True,True,True,False,False,False,False,False,500,27915,554,1,28212.02608695652
261603,262157,262157,-4390,-4392,42.7461,2,2.001573,-3.86118,-7.460841,-0.174539,0,0.0,0.043701,0.050049,1.055176,-11.57252,5.946565,-1.656489,-2.368942,2.715597,29.00059,False,1866.5,1.504139,1.644498,5.076644,0,False,True,True,True,True,False,False,False,False,False,500,28580,554,0,28954.447826086955
262267,262821,262822,-4377,-4392,42.7461,15,15.00896,1.286017,-6.051573,-0.14157,0,0.0,0.03833,0.054932,1.061523,-11.71756,6.152672,-1.496183,-2.065204,2.962289,28.95353,False,1867.4,1.504864,1.645291,5.079092,0,False,True,True,True,True,False,False,False,False,False,500,29244,554,1,29696.86956521739
262931,263485,263486,-4408,-4392,42.7461,-16,-16.01409,-0.00092,-3.178907,-0.074367,0,0.0,0.046387,0.054688,1.058105,-11.38931,5.732824,-1.694657,-2.506858,2.958656,28.95353,False,1867.0,1.504542,1.644938,5.078004,0,False,True,True,True,True,False,False,False,False,False,500,29908,554,1,30439.291304347826
263594,264150,264151,-4405,-4392,42.7461,-13,-13.01058,-2.717531,-1.934725,-0.045261,0,0.0,0.044678,0.055664,1.059814,-11.66412,5.709924,-1.679389,-2.410618,3.006546,28.90647,False,1867.5,1.504945,1.645379,5.079364,0,False,True,True,True,True,False,False,False,False,False,500,30571,556,1,31181.71304347826
264262,264814,264815,-4403,-4392,42.7461,-11,-11.00576,-6.434418,-2.241193,-0.05243,0,0.0,0.035889,0.052246,1.062256,-11.72519,5.870229,-1.526718,-1.932682,2.815766,28.81235,False,1867.4,1.504864,1.645291,5.079092,0,False,True,True,True,True,False,False,False,False,False,500,31239,552,1,31924.134782608693
264924,265479,265479,-4398,-4392,42.7461,-6,-6.006639,-4.146646,-3.882841,-0.090835,0,0.0,0.052246,0.047852,1.063477,-11.70992,6.21374,-1.427481,-2.809701,2.576303,28.95353,False,1866.4,1.504059,1.644409,5.076372,0,False,True,True,True,True,False,False,False,False,False,500,31901,555,0,32666.556521739127
266252,266807,266808,-4405,-4392,42.7461,-13,-13.01371,-8.86516,-5.056481,-0.118291,0,0.0,0.051025,0.052246,1.063721,-11.44275,6.015267,-1.496183,-2.742996,2.811894,28.85941,False,1866.3,1.503978,1.644321,5.0761,0,False,True,True,True,True,False,False,False,False,False,500,33229,555,1,33408.97826086956
267584,268136,268137,-4388,-4392,42.7461,4,4.00286,-10.00874,-9.022144,-0.211064,0,0.0,0.041992,0.051514,1.063232,-11.67939,5.778626,-1.435115,-2.259059,2.773808,28.95353,False,1867.2,1.504703,1.645114,5.078548,0,False,True,True,True,True,False,False,False,False,False,500,34561,552,1,34151.399999999994
268247,268801,268802,-4415,-4392,42.7461,-23,-23.01713,-11.43825,-9.408398,-0.2201,0,0.0,0.043213,0.050537,1.072021,-11.76336,5.885496,-1.618321,-2.305764,2.699026,28.81235,False,1866.5,1.504139,1.644498,5.076644,0,False,True,True,True,True,False,False,False,False,False,500,35224,554,1,34893.821739130435
268910,269465,269466,-4399,-4392,42.7461,-7,-7.006272,-10.8669,-10.20308,-0.23869,0,0.0,0.047119,0.052002,1.065674,-11.64886,5.931298,-1.625954,-2.528693,2.793654,28.90647,False,1866.1,1.503817,1.644145,5.075556,0,False,True,True,True,True,False,False,False,False,False,500,35887,555,1,35636.24347826087
269576,270129,270130,-4421,-4392,42.7461,-29,-29.02621,-14.15541,-10.46297,-0.24477,0,0.0,0.047363,0.049561,1.06665,-11.72519,6.045802,-1.435115,-2.539735,2.660256,28.95353,False,1868.5,1.505751,1.64626,5.082084,0,False,True,True,True,True,False,False,False,False,False,500,36553,553,1,36378.6652173913
270239,270794,270795,-4409,-4392,42.7461,-17,-17.01062,-14.01202,-11.90856,-0.278588,0,0.0,0.039063,0.049072,1.05835,-11.67176,5.961832,-1.687023,-2.111492,2.654713,28.85941,False,1866.3,1.503978,1.644321,5.0761,0,False,True,True,True,True,False,False,False,False,False,500,37216,555,1,37121.086956521736
270905,271458,271459,-4406,-4392,42.7461,-14,-14.01343,-14.15484,-12.73206,-0.297853,0,0.0,0.04834,0.04834,1.056641,-11.47328,6.137404,-1.335878,-2.616637,2.61937,28.90647,False,1873.3,1.509619,1.650489,5.09514,0,False,True,True,True,True,False,False,False,False,False,500,37882,553,1,37863.50869565217
271568,272123,272124,-4412,-4392,42.7461,-20,-20.01452,-15.15505,-13.28908,-0.310884,0,0.0,0.042236,0.053955,1.061035,-11.64122,6.007634,-1.519084,-2.27661,2.911054,28.85941,False,1867.2,1.504703,1.645114,5.078548,0,False,True,True,True,True,False,False,False,False,False,500,38545,555,1,38605.930434782604
272235,272787,272788,-4410,-4392,42.7461,-18,-18.0157,-18.30055,-14.01961,-0.327974,0,0.0,0.046387,0.049561,1.063477,-11.55725,5.854962,-1.320611,-2.494834,2.668184,28.90647,False,1867.3,1.504784,1.645202,5.07882,0,False,True,True,True,True,False,False,False,False,False,500,39212,552,1,39348.35217391304
272896,273452,273453,-4407,-4392,42.7461,-15,-15.00944,-17.1566,-15.6956,-0.367182,0,0.0,0.038818,0.047852,1.047852,-11.61069,6.091603,-1.389313,-2.119379,2.614667,28.95353,False,1867.5,1.504945,1.645379,5.079364,0,False,True,True,True,True,False,False,False,False,False,500,39873,556,1,40090.77391304348
274227,274780,274781,-4400,-4392,42.7461,-8,-8.007328,-10.72249,-15.27223,-0.357278,0,0.0,0.047363,0.048096,1.05957,-11.65649,5.961832,-1.59542,-2.556809,2.598963,28.90647,False,1867.9,1.505267,1.645731,5.080452,0,False,True,True,True,True,False,False,False,False,False,500,41204,553,1,40833.19565217391
274894,275445,275446,-4390,-4392,42.7461,2,2.001478,-8.006478,-13.49101,-0.315608,0,0.0,0.042725,0.054443,1.063721,-11.70229,6.053435,-1.435115,-2.297054,2.92995,28.90647,False,1867.4,1.504864,1.645291,5.079092,0,False,True,True,True,True,False,False,False,False,False,500,41871,551,1,41575.617391304346
275554,276109,276110,-4388,-4392,42.7461,4,4.003631,-5.432612,-11.34382,-0.265377,0,0.0,0.047363,0.047119,1.064453,-11.63359,5.908397,-1.29771,-2.545224,2.534598,28.90647,False,1867.6,1.505026,1.645467,5.079636,0,False,True,True,True,True,False,False,False,False,False,500,42531,555,1,42318.03913043478
276221,276773,276774,-4392,-4392,42.7461,0,0.0,-2.573395,-9.02958,-0.211238,0,0.0,0.045654,0.051514,1.063477,-11.61069,5.931298,-1.526718,-2.455277,2.773173,28.95353,False,1866.2,1.503897,1.644233,5.075828,0,False,True,True,True,True,False,False,False,False,False,500,43198,552,1,43060.46086956521
276883,277438,277438,-4403,-4392,42.7461,-11,-11.00806,-1.572303,-6.501984,-0.152107,0,0.0,0.042236,0.05127,1.056396,-11.69466,5.992366,-1.480916,-2.286858,2.778519,29.00059,False,1865.4,1.503253,1.643528,5.073652,0,False,True,True,True,True,False,False,False,False,False,500,43860,555,0,43802.88260869565
277549,278102,278103,-4415,-4392,42.7461,-23,-23.02261,-2.717042,-4.572014,-0.106957,0,0.0,0.048828,0.053955,1.054199,-11.72519,5.91603,-1.587786,-2.648448,2.929898,28.90647,False,1867.3,1.504784,1.645202,5.07882,0,False,True,True,True,True,False,False,False,False,False,500,44526,553,1,44545.30434782608
278877,279430,279431,-4411,-4392,42.7461,-19,-19.01484,-5.862308,-4.019623,-0.094035,0,0.0,0.043945,0.056641,1.064209,-11.55725,5.908397,-1.374046,-2.361278,3.046584,28.90647,False,1867.7,1.505106,1.645555,5.079908,0,False,True,True,True,True,False,False,False,False,False,500,45854,553,1,45287.72608695652
279541,280095,280096,-4425,-4392,42.7461,-33,-33.03472,-10.86748,-4.741034,-0.110911,0,0.0,0.050537,0.052734,1.054688,-11.61832,5.862596,-1.496183,-2.739901,2.862399,28.95353,False,1868.3,1.50559,1.646084,5.08154,0,False,True,True,True,True,False,False,False,False,False,500,46518,554,1,46030.147826086955
280206,280759,280760,-4406,-4392,42.7461,-14,-14.01038,-13.44091,-7.139537,-0.167022,0,0.0,0.04248,0.052246,1.056396,-11.63359,5.977099,-1.70229,-2.299959,2.831358,28.90647,False,1866.8,1.504381,1.644762,5.07746,0,False,True,True,True,True,False,False,False,False,False,500,47183,553,1,46772.56956521739
280870,281424,281425,-4389,-4392,42.7461,3,3.002645,-13.01196,-9.606524,-0.224735,0,0.0,0.046875,0.052979,1.068604,-11.78626,5.977099,-1.534351,-2.508624,2.838242,29.00059,False,1867.9,1.505267,1.645731,5.080452,0,False,True,True,True,True,False,False,False,False,False,500,47847,554,1,47514.99130434782
281535,282088,282089,-4395,-4392,42.7461,-3,-3.00294,-11.86837,-10.93975,-0.255924,0,0.0,0.049072,0.054688,1.061035,-11.62595,5.854962,-1.541985,-2.644498,2.950501,28.85941,False,1867.6,1.505026,1.645467,5.079636,0,False,True,True,True,True,False,False,False,False,False,500,48512,553,1,48257.41304347826
282198,282753,282753,-4390,-4392,42.7461,2,2.001412,-8.29351,-11.3033,-0.264429,0,0.0,0.041504,0.054932,1.057373,-11.54962,5.954198,-1.778626,-2.244785,2.973896,28.95353,False,1867.8,1.505187,1.645643,5.08018,0,False,True,True,True,True,False,False,False,False,False,500,49175,555,0,48999.83478260869
282863,283417,283418,-4391,-4392,42.7461,1,1.000867,-9.008277,-10.12497,-0.236863,0,0.0,0.045898,0.050049,1.055176,-11.46565,5.91603,-1.59542,-2.487904,2.715597,28.90647,False,1867.9,1.505267,1.645731,5.080452,0,False,True,True,True,True,False,False,False,False,False,500,49840,554,1,49742.256521739124
284193,284745,284746,-4419,-4392,42.7461,-27,-27.02395,-5.43319,-8.358285,-0.195533,0,0.0,0.046387,0.058594,1.053955,-11.76336,5.984733,-1.541985,-2.516192,3.182028,29.00059,False,1868.8,1.505993,1.646524,5.0829,0,False,True,True,True,True,False,False,False,False,False,500,51170,552,1,50484.678260869565
284854,285410,285411,-4397,-4392,42.7461,-5,-5.004476,-4.146633,-7.21311,-0.168743,0,0.0,0.047119,0.048096,1.066406,-11.64122,6.0,-1.717557,-2.527396,2.582326,28.95353,False,1867.5,1.504945,1.645379,5.079364,0,False,True,True,True,True,False,False,False,False,False,500,51831,556,1,51227.1
285521,286074,286075,-4380,-4392,42.7461,12,12.00981,-2.859895,-6.012585,-0.140658,0,0.0,0.044922,0.054443,1.063477,-11.48092,6.007634,-1.534351,-2.415604,2.930621,28.90647,False,1866.6,1.50422,1.644586,5.076916,0,False,True,True,True,True,False,False,False,False,False,500,52498,553,1,51969.52173913043
286188,286739,286740,-4366,-4392,42.7461,26,26.02,1.28624,-4.778307,-0.111783,0,0.0,0.043457,0.050049,1.060791,-11.69466,5.717557,-1.587786,-2.343294,2.701244,28.85941,False,1867.9,1.505267,1.645731,5.080452,0,False,True,True,True,True,False,False,False,False,False,500,53165,551,1,52711.943478260866
286850,287403,287404,-4383,-4392,42.7461,9,9.007724,2.287142,-2.404037,-0.05624,0,0.0,0.045898,0.049316,1.060791,-11.79389,5.91603,-1.473282,-2.47486,2.661771,29.00059,False,1867.5,1.504945,1.645379,5.079364,0,False,True,True,True,True,False,False,False,False,False,500,53827,553,1,53454.3652173913
287514,288068,288069,-4387,-4392,42.7461,5,5.002602,2.858818,-0.56744,-0.013275,0,0.0,0.035645,0.052002,1.057861,-11.65649,5.923664,-1.435115,-1.927515,2.814253,28.95353,False,1867.6,1.505026,1.645467,5.079636,0,False,True,True,True,True,False,False,False,False,False,500,54491,554,1,54196.78695652173
288178,288732,288733,-4361,-4392,42.7461,31,31.02963,7.291623,0.77394,0.018106,0,0.0,0.048828,0.052734,1.069092,-11.51145,5.984733,-1.366412,-2.611849,2.823895,28.85941,False,1868.0,1.505348,1.645819,5.080724,0,False,True,True,True,True,False,False,False,False,False,500,55155,554,1,54939.20869565217
288844,289397,289397,-4368,-4392,42.7461,24,24.02206,14.58391,3.325613,0.077799,0,0.0,0.047363,0.050049,1.057617,-11.71756,6.160306,-1.59542,-2.561296,2.709338,29.00059,False,1866.5,1.504139,1.644498,5.076644,0,False,True,True,True,True,False,False,False,False,False,500,55821,553,0,55681.63043478261
289506,290061,290062,-4386,-4392,42.7461,6,6.005198,16.15672,7.733236,0.180911,0,0.0,0.045654,0.05127,1.050049,-11.57252,5.763359,-1.557252,-2.486589,2.795289,28.95353,False,1869.0,1.506154,1.6467,5.083444,0,False,True,True,True,True,False,False,False,False,False,500,56483,555,1,56424.05217391304
290838,291390,291391,-4404,-4392,42.7461,-12,-12.01126,6.863835,11.52661,0.269653,0,0.0,0.047852,0.055908,1.057373,-11.58779,5.938931,-1.679389,-2.587545,3.026667,28.90647,False,1867.5,1.504945,1.645379,5.079364,0,False,True,True,True,True,False,False,False,False,False,500,57815,552,1,57166.473913043475
291504,292054,292055,-4384,-4392,42.7461,8,8.006389,6.720787,9.701132,0.226948,0,0.0,0.044189,0.047363,1.058838,-11.52672,5.59542,-1.473282,-2.3874,2.561206,28.90647,False,1867.2,1.504703,1.645114,5.078548,0,False,True,True,True,True,False,False,False,False,False,500,58481,550,1,57908.89565217391
292163,292719,292720,-4385,-4392,42.7461,7,7.005951,7.00698,8.534327,0.199652,0,0.0,0.045654,0.051514,1.060059,-11.43511,5.694656,-1.725191,-2.463165,2.7821,29.04765,False,1866.7,1.5043,1.644674,5.077188,0,False,True,True,True,True,False,False,False,False,False,500,59140,556,1,58651.31739130434
292829,293383,293384,-4373,-4392,42.7461,19,19.01841,5.291091,7.93637,0.185663,0,0.0,0.048584,0.051025,1.056641,-11.48855,5.763359,-1.496183,-2.629521,2.764671,28.90647,False,1869.2,1.506315,1.646876,5.083988,0,False,True,True,True,True,False,False,False,False,False,500,59806,554,1,59393.73913043478
293493,294048,294049,-4400,-4392,42.7461,-8,-8.006562,0.715573,6.900744,0.161436,0,0.0,0.044678,0.054688,1.055908,-11.59542,5.931298,-1.526718,-2.419617,2.964802,28.95353,False,1868.3,1.50559,1.646084,5.08154,0,False,True,True,True,True,False,False,False,False,False,500,60470,555,1,60136.16086956521
294160,294712,294713,-4381,-4392,42.7461,11,11.00775,1.430224,4.479249,0.104787,0,0.0,0.041504,0.05542,1.058105,-11.62595,5.778626,-1.648855,-2.243183,2.998209,29.00059,False,1868.2,1.505509,1.645995,5.081268,0,False,True,True,True,True,False,False,False,False,False,500,61137,552,1,60878.58260869565
295489,296041,296042,-4396,-4392,42.7461,-4,-4.002575,6.720397,4.182382,0.097842,0,0.0,0.040039,0.048096,1.068604,-11.49618,5.900764,-1.51145,-2.143615,2.577023,28.95353,False,1866.6,1.50422,1.644586,5.076916,0,False,True,True,True,True,False,False,False,False,False,500,62466,552,1,61621.004347826085
296153,296705,296706,-4377,-4392,42.7461,15,15.01558,7.72171,5.176014,0.121087,0,0.0,0.050781,0.050537,1.06665,-11.57252,6.045802,-1.21374,-2.722632,2.712597,28.95353,False,1866.7,1.5043,1.644674,5.077188,0,False,True,True,True,True,False,False,False,False,False,500,63130,552,1,62363.42608695652
296816,297370,297371,-4385,-4392,42.7461,7,7.005486,7.721643,6.172654,0.144403,0,0.0,0.043945,0.05542,1.0625,-11.43511,6.068702,-1.694657,-2.365203,2.985831,29.00059,False,1866.2,1.503897,1.644233,5.075828,0,False,True,True,True,True,False,False,False,False,False,500,63793,554,1,63105.84782608695
297482,298034,298035,-4405,-4392,42.7461,-13,-13.01051,3.146083,6.779083,0.15859,0,0.0,0.045166,0.052979,1.075439,-11.46565,5.908397,-1.51145,-2.401964,2.82023,28.95353,False,1867.4,1.504864,1.645291,5.079092,0,False,True,True,True,True,False,False,False,False,False,500,64459,552,1,63848.269565217386
298144,298698,298699,-4403,-4392,42.7461,-11,-11.00558,2.717652,5.356764,0.125316,0,0.0,0.0354,0.048584,1.064209,-11.46565,5.91603,-1.534351,-1.903228,2.613884,28.90647,False,1866.6,1.50422,1.644586,5.076916,0,False,True,True,True,True,False,False,False,False,False,500,65121,554,1,64590.69130434782
298808,299363,299364,-4419,-4392,42.7461,-27,-27.01999,-2.714882,4.323552,0.101145,0,0.0,0.042725,0.050537,1.063232,-11.51145,5.984733,-1.29771,-2.298521,2.721304,29.00059,False,1867.5,1.504945,1.645379,5.079364,0,False,True,True,True,True,False,False,False,False,False,500,65785,555,1,65333.11304347825
299474,300027,300028,-4385,-4392,42.7461,7,7.006309,-3.715895,1.568005,0.036682,0,0.0,0.046875,0.054688,1.056885,-11.47328,5.992366,-1.59542,-2.536126,2.962067,29.00059,False,1866.7,1.5043,1.644674,5.077188,0,False,True,True,True,True,False,False,False,False,False,500,66451,553,1,66075.5347826087
300136,300691,300692,-4395,-4392,42.7461,-3,-3.003123,-3.573117,-0.500642,-0.011712,0,0.0,0.050293,0.052002,1.055176,-11.48092,5.824428,-1.587786,-2.725521,2.821404,29.00059,False,1868.8,1.505993,1.646524,5.0829,0,False,True,True,True,True,False,False,False,False,False,500,67113,555,1,66817.95652173912
300802,301356,301356,-4395,-4392,42.7461,-3,-3.002457,-6.147122,-1.703516,-0.039852,0,0.0,0.044434,0.052002,1.051025,-11.71756,5.900764,-1.633588,-2.417859,2.832527,28.95353,False,1870.1,1.50704,1.647669,5.086435,0,False,True,True,True,True,False,False,False,False,False,500,67779,554,0,67560.37826086956
301468,302020,302021,-4393,-4392,42.7461,-1,-1.000813,-7.290879,-3.443188,-0.08055,0,0.0,0.044678,0.050537,1.060791,-11.60305,5.694656,-1.396947,-2.408988,2.727558,28.95353,False,1868.3,1.50559,1.646084,5.08154,0,False,True,True,True,True,False,False,False,False,False,500,68445,552,1,68302.79999999999
302131,302684,302685,-4387,-4392,42.7461,5,5.003862,-4.717397,-4.949559,-0.11579,0,0.0,0.043701,0.05249,1.064453,-11.73282,6.152672,-1.557252,-2.348105,2.823072,28.95353,False,1867.6,1.505026,1.645467,5.079636,0,False,True,True,True,True,False,False,False,False,False,500,69108,553,1,69045.22173913043
302794,303349,303350,-4398,-4392,42.7461,-6,-6.004133,-4.002905,-4.858667,-0.113663,0,0.0,0.041016,0.050293,1.058105,-11.66412,5.763359,-1.282443,-2.217354,2.72128,28.90647,False,1868.1,1.505429,1.645907,5.080996,0,False,True,True,True,True,False,False,False,False,False,500,69771,555,1,69787.64347826087
303460,304013,304014,-4400,-4392,42.7461,-8,-8.007287,-1.286805,-4.523636,-0.105826,0,0.0,0.046631,0.052979,1.045898,-11.89313,5.870229,-1.717557,-2.549543,2.899752,29.00059,False,1868.6,1.505831,1.646348,5.082356,0,False,True,True,True,True,False,False,False,False,False,500,70437,553,1,70530.0652173913
304123,304677,304678,-4396,-4392,42.7461,-4,-4.00317,-2.859588,-3.256417,-0.07618,0,0.0,0.043945,0.053467,1.056641,-11.61832,5.91603,-1.671756,-2.378494,2.896731,29.00059,False,1867.6,1.505026,1.645467,5.079636,0,False,True,True,True,True,False,False,False,False,False,500,71100,554,1,71272.48695652174
304789,305341,305342,-4405,-4392,42.7461,-13,-13.01257,-4.289508,-3.101058,-0.072546,0,0.0,0.049072,0.049561,1.068604,-11.54198,5.992366,-1.572519,-2.626457,2.655401,28.95353,False,1867.8,1.505187,1.645643,5.08018,0,False,True,True,True,True,False,False,False,False,False,500,71766,552,1,72014.90869565216
305452,306006,306007,-4395,-4392,42.7461,-3,-3.002202,-4.289472,-3.566337,-0.083431,0,0.0,0.042236,0.05249,1.05542,-11.67176,6.099236,-1.618321,-2.288837,2.847195,28.95353,False,1868.9,1.506073,1.646612,5.083172,0,False,True,True,True,True,False,False,False,False,False,500,72429,554,1,72757.3304347826
306117,306670,306671,-4396,-4392,42.7461,-4,-4.00376,-4.718464,-3.849444,-0.090054,0,0.0,0.047852,0.051025,1.056641,-11.67176,5.946565,-1.656489,-2.589934,2.764671,29.00059,False,1868.3,1.50559,1.646084,5.08154,0,False,True,True,True,True,False,False,False,False,False,500,73094,553,1,73499.75217391303
307447,307999,308000,-4404,-4392,42.7461,-12,-12.00868,-5.862168,-4.508625,-0.105475,0,0.0,0.041992,0.051025,1.057373,-11.81679,6.045802,-1.763359,-2.271586,2.762759,29.09471,False,1868.8,1.505993,1.646524,5.0829,0,False,True,True,True,True,False,False,False,False,False,500,74424,552,1,74242.17391304347
308776,309328,309329,-4409,-4392,42.7461,-17,-17.01242,-6.14785,-4.745244,-0.11101,0,0.0,0.041992,0.053467,1.051758,-11.56489,6.122138,-1.51145,-2.28341,2.910157,28.95353,False,1866.8,1.504381,1.644762,5.07746,0,False,True,True,True,True,False,False,False,False,False,500,75753,552,1,74984.59565217391
309439,309992,309993,-4377,-4392,42.7461,15,15.01428,-2.144015,-5.294364,-0.123856,0,0.0,0.04834,0.04834,1.060791,-11.54198,5.832061,-1.480916,-2.606435,2.609136,29.00059,False,1869.6,1.506637,1.647229,5.085075,0,False,True,True,True,True,False,False,False,False,False,500,76416,553,1,75727.01739130434
310105,310657,310658,-4394,-4392,42.7461,-2,-2.00158,-2.001069,-4.061003,-0.095003,0,0.0,0.043945,0.053711,1.05835,-11.51145,6.068702,-1.664122,-2.37464,2.905245,29.04765,False,1868.0,1.505348,1.645819,5.080724,0,False,True,True,True,True,False,False,False,False,False,500,77082,552,1,76469.43913043478
310769,311321,311322,-4372,-4392,42.7461,20,20.01578,1.430294,-3.254539,-0.076137,0,0.0,0.044434,0.052246,1.070801,-11.51908,5.877862,-1.496183,-2.373338,2.793332,29.00059,False,1869.1,1.506234,1.646788,5.083715,0,False,True,True,True,True,False,False,False,False,False,500,77746,552,1,77211.86086956521
311433,311985,311986,-4413,-4392,42.7461,-21,-21.01306,-2.000498,-1.420427,-0.033229,0,0.0,0.039063,0.057861,1.060059,-11.45038,6.122138,-1.709924,-2.10722,3.124276,28.95353,False,1868.4,1.50567,1.646172,5.081812,0,False,True,True,True,True,False,False,False,False,False,500,78410,552,1,77954.28260869565
312762,313314,313315,-4381,-4392,42.7461,11,11.00836,4.289859,0.229188,0.005362,0,0.0,0.043213,0.052979,1.061279,-11.69466,6.015267,-1.374046,-2.328764,2.857797,28.95353,False,1868.6,1.505831,1.646348,5.082356,0,False,True,True,True,True,False,False,False,False,False,500,79739,552,1,78696.70434782607
313426,313979,313980,-4388,-4392,42.7461,4,4.003486,7.292132,1.818941,0.042552,0,0.0,0.046387,0.057129,1.063477,-11.48092,6.114504,-1.549618,-2.493947,3.07491,28.90647,False,1866.0,1.503736,1.644057,5.075284,0,False,True,True,True,True,False,False,False,False,False,500,80403,553,1,79439.12608695652
314090,314643,314644,-4387,-4392,42.7461,5,5.004077,5.862103,3.961695,0.09268,0,0.0,0.044678,0.054443,1.059082,-11.38168,5.648855,-1.526718,-2.412422,2.94276,28.95353,False,1867.5,1.504945,1.645379,5.079364,0,False,True,True,True,True,False,False,False,False,False,500,81067,553,1,80181.54782608696
314753,315308,315308,-4399,-4392,42.7461,-7,-7.010799,5.1465,4.705705,0.110085,0,0.0,0.061523,-0.00293,1.061523,-11.36641,6.114504,-1.068702,-3.316999,-0.158129,29.04765,False,1867.5,1.504945,1.645379,5.079364,0,False,True,True,True,True,False,False,False,False,False,500,81730,555,0,80923.96956521738
316087,316636,316637,-4388,-4392,42.7461,4,4.003644,5.146096,3.583979,0.083843,0,0.0,0.047119,0.060059,1.056396,-11.50382,5.847328,-1.290076,-2.54979,3.253888,29.00059,False,1866.6,1.50422,1.644586,5.076916,0,False,True,True,True,True,False,False,False,False,False,500,83064,549,1,81666.39130434782
316746,317300,317301,-3920,-4392,42.7461,472,472.3933,69.19976,4.195548,0.09815,0,0.0,0.045166,0.056152,1.059082,-11.60305,5.900764,-1.572519,-2.438551,3.034963,28.95353,False,1866.9,1.504462,1.64485,5.077732,0,False,True,True,True,True,False,False,False,False,False,500,83723,554,1,82408.81304347825
317412,317965,317965,-1445,-4392,42.7461,2947,2955.927,2955.927,2955.927,69.15081,0,69.0,0.087646,0.03125,1.078369,-16.75573,5.114504,-2.541985,-4.644657,1.659903,29.04765,True,1867.8,1.505187,1.645643,5.08018,0,False,True,True,True,True,False,False,False,False,False,500,84389,553,0,83151.23478260869
318075,318629,318630,-8096,-4392,42.7461,-3704,-3704.614,-3704.614,-3704.614,-86.66554,0,-86.0,0.019531,0.051025,1.027344,-10.12977,7.419848,21.47328,-1.087799,2.843384,29.00059,True,1867.3,1.504784,1.645202,5.07882,0,False,True,True,True,True,False,False,False,False,False,500,85052,554,1,83893.65652173912
318743,319293,319294,-23692,-4392,42.7461,-19300,-19316.86,-19316.86,-19316.86,-451.8976,0,-451.0,0.046875,0.046143,1.073975,-11.43511,5.877862,-1.603053,-2.496855,2.460155,28.95353,True,1866.8,1.504381,1.644762,5.07746,0,False,True,True,True,True,False,False,False,False,False,500,85720,550,1,84636.07826086956
319404,319958,319959,91751,-4392,42.7461,96143,96199.53,96199.53,96199.53,2250.487,0,2250.5,0.037842,0.044922,1.056885,-12.0,5.641222,-1.328244,-2.048748,2.433832,28.95353,True,1867.6,1.505026,1.645467,5.079636,0,False,True,True,True,True,False,False,False,False,False,500,86381,554,1,85378.5
320069,320622,320623,163581,-4392,42.7461,167973,167973.7,167973.7,167973.7,3929.568,0,3929.5,0.003174,0.038818,1.049805,-10.85496,7.145038,-1.770992,-0.173101,2.117642,29.00059,True,1868.3,1.50559,1.646084,5.08154,0,False,True,True,True,True,False,False,False,False,False,500,87046,553,1,86120.92173913043
320732,321287,321287,226535,-4392,42.7461,230927,231439.8,231439.8,231439.8,5414.29,0,5414.0,0.072998,0.047119,1.048584,-11.80916,5.732824,-1.526718,-3.978258,2.572905,29.00059,True,1867.3,1.504784,1.645202,5.07882,0,False,True,True,True,True,False,False,False,False,False,500,87709,555,0,86863.34347826087
321402,321951,321952,218183,-4392,42.7461,222575,222939.0,222939.0,222939.0,5215.423,0,5215.5,0.062256,0.024902,1.042969,-12.32824,6.038168,-1.129771,-3.415011,1.367754,29.04765,True,1867.6,1.505026,1.645467,5.079636,0,False,True,True,True,True,False,False,False,False,False,500,88379,549,1,87605.7652173913
322061,322615,322616,203291,-4392,42.7461,207683,209118.7,209118.7,209118.7,4892.111,0,4892.0,0.13501,0.092773,1.095215,-11.0458,6.969466,8.770992,-7.00269,4.84184,28.90647,True,1867.7,1.505106,1.645555,5.079908,0,False,True,True,True,True,False,False,False,False,False,500,89038,554,1,88348.18695652173
322729,323280,323281,120355,-4392,42.7461,124747,125168.1,125168.1,125168.1,2928.176,0,2928.0,0.091064,-0.039063,1.061035,-16.48092,6.732824,-1.427481,-4.902133,-2.108413,29.00059,True,1867.9,1.505267,1.645731,5.080452,0,False,True,True,True,True,False,False,False,False,False,500,89706,551,1,89090.60869565216
323390,323944,323945,58036,-4392,42.7461,62428,62675.87,62675.87,62675.87,1466.236,0,1466.0,0.104736,-0.113281,1.120117,-10.1374,-6.526718,-10.36641,-5.31493,-5.774868,29.00059,True,1868.1,1.505429,1.645907,5.080996,0,False,True,True,True,True,False,False,False,False,False,500,90367,554,1,89833.0304347826
324057,324608,324609,31107,-4392,42.7461,35499,35503.81,35503.81,35503.81,830.5743,0,830.5,0.018066,0.05835,1.050293,-9.343512,6.274809,-12.12977,-0.983946,3.179823,28.95353,True,1867.5,1.504945,1.645379,5.079364,0,False,True,True,True,True,False,False,False,False,False,500,91034,551,1,90575.45217391304
324720,325273,325274,11274,-4392,42.7461,15666,15705.42,15705.42,15705.42,367.4117,0,367.5,0.086182,-0.008057,1.164063,-8.557252,5.610687,-1.580153,-4.234071,-0.396545,29.00059,True,1867.6,1.505026,1.645467,5.079636,0,False,True,True,True,True,False,False,False,False,False,500,91697,553,1,91317.87391304347
325389,325937,325938,-217,-4392,42.7461,4175,4179.89,4179.89,4179.89,97.78413,0,98.0,0.053223,0.033203,1.053467,-11.79389,6.694656,-1.755725,-2.890766,1.805244,29.09471,True,1865.6,1.503414,1.643705,5.074196,0,False,True,True,True,True,False,False,False,False,False,500,92366,548,1,92060.29565217391
326047,326602,326603,-35414,-4392,42.7461,-31022,-31023.66,-31023.66,-31023.66,-725.7658,0,-725.0,0.011475,0.016113,1.063965,-11.59542,6.167939,-0.78626,-0.617825,0.867651,29.00059,True,1867.9,1.505267,1.645731,5.080452,0,False,True,True,True,True,False,False,False,False,False,500,93024,555,1,92802.71739130434
327378,327930,327931,24333,-4392,42.7461,28725,28750.23,28750.23,28750.23,672.5812,0,672.5,0.046631,0.04834,1.06543,-11.44275,5.740458,-1.564886,-2.503498,2.597792,29.00059,True,1867.9,1.505267,1.645731,5.080452,0,False,True,True,True,True,False,False,False,False,False,500,94355,552,1,93545.13913043478
328042,328595,328596,124821,-4392,42.7461,129213,129290.3,129290.3,129290.3,3024.611,0,3024.5,0.03833,0.047119,1.061035,-11.81679,6.167939,-1.709924,-2.06688,2.542752,29.04765,True,1866.5,1.504139,1.644498,5.076644,0,False,True,True,True,True,False,False,False,False,False,500,95019,553,1,94287.5608695652
328705,329259,329260,11329,-4392,42.7461,15721,15723.55,15723.55,15723.55,367.836,0,368.0,-0.020508,-0.027344,1.090332,-14.22137,7.862596,21.82443,1.077195,-1.43658,29.00059,True,1869.5,1.506557,1.647141,5.084804,0,False,True,True,True,True,False,False,False,False,False,500,95682,554,1,95029.98260869565
329373,329924,329924,-12521,-4392,42.7461,-8129,-8137.541,-8137.541,-8137.541,-190.3692,0,-190.0,0.049805,0.198975,1.022217,-12.09924,6.10687,2.267176,-2.738058,11.01487,29.00059,True,1867.7,1.505106,1.645555,5.079908,0,False,True,True,True,True,False,False,False,False,False,500,96350,551,0,95772.40434782609
330034,330588,330589,84985,-4392,42.7461,89377,91523.04,91523.04,91523.04,2141.085,0,2141.0,0.234375,0.02832,1.019531,-7.664122,6.282443,-0.022901,-12.94166,1.591137,29.00059,True,1868.5,1.505751,1.64626,5.082084,0,False,True,True,True,True,False,False,False,False,False,500,97011,554,1,96514.82608695651
331364,331917,331917,162126,-4392,42.7461,166518,166721.1,166721.1,166721.1,3900.265,0,3900.0,0.054932,0.076172,1.063232,-11.33588,5.244275,-1.580153,-2.949988,4.097762,29.00059,True,1867.7,1.505106,1.645555,5.079908,0,False,True,True,True,True,False,False,False,False,False,500,98341,553,0,97257.24782608695
332029,332581,332582,121516,-4392,42.7461,125908,126041.2,126041.2,126041.2,2948.602,0,2948.5,0.050781,0.045166,1.057129,-11.51145,5.923664,-1.366412,-2.747691,2.446479,28.95353,True,1867.5,1.504945,1.645379,5.079364,0,False,True,True,True,True,False,False,False,False,False,500,99006,552,1,97999.66956521738
332692,333245,333246,179327,-4392,42.7461,183719,183884.0,183884.0,183884.0,4301.773,0,4302.0,0.046875,0.039307,1.059326,-11.67939,6.076336,-1.305344,-2.53193,2.124999,29.00059,True,1869.6,1.506637,1.647229,5.085075,0,False,True,True,True,True,False,False,False,False,False,500,99669,553,1,98742.09130434782
333357,333910,333911,222179,-4392,42.7461,226571,226679.8,226679.8,226679.8,5302.936,0,5303.0,0.033936,0.039795,1.048828,-11.57252,5.877862,-1.557252,-1.851862,2.172885,29.04765,True,1868.4,1.50567,1.646172,5.081812,0,False,True,True,True,True,False,False,False,False,False,500,100334,553,1,99484.51304347825
334021,334574,334575,203750,-4392,42.7461,208142,208279.2,208279.2,208279.2,4872.472,0,4872.5,0.040283,0.043457,1.062744,-11.54198,5.946565,-1.21374,-2.168935,2.341591,29.09471,True,1869.4,1.506476,1.647053,5.084532,0,False,True,True,True,True,False,False,False,False,False,500,100998,553,1,100226.93478260869
334689,335238,335239,196096,-4392,42.7461,200488,200582.6,200582.6,200582.6,4692.418,0,4692.5,0.033691,0.042969,1.050537,-11.52672,6.129771,0.473282,-1.835345,2.342184,29.04765,True,1868.0,1.505348,1.645819,5.080724,0,False,True,True,True,True,False,False,False,False,False,500,101666,549,1,100969.35652173913
335352,335903,335904,203624,-4392,42.7461,208016,208223.8,208223.8,208223.8,4871.176,0,4871.0,0.049072,0.016357,1.052246,-11.22901,6.183206,-1.557252,-2.669768,0.890603,29.09471,True,1868.4,1.50567,1.646172,5.081812,0,False,True,True,True,True,False,False,False,False,False,500,102329,551,1,101711.77826086956
336013,336567,336568,201671,-4392,42.7461,206063,206240.8,206240.8,206240.8,4824.786,0,4825.0,0.046143,0.046143,1.063721,-11.75572,5.725191,-1.51145,-2.48151,2.48384,29.04765,True,1867.1,1.504623,1.645026,5.078276,0,False,True,True,True,True,False,False,False,False,False,500,102990,554,1,102454.2
336677,337231,337232,199277,-4392,42.7461,203669,203947.2,203947.2,203947.2,4771.13,0,4771.0,0.057861,0.039063,1.060303,-11.61069,5.900764,-1.473282,-3.121445,2.109869,29.09471,True,1866.9,1.504462,1.64485,5.077732,0,False,True,True,True,True,False,False,False,False,False,500,103654,554,1,103196.62173913042
337341,337896,337896,200702,-4392,42.7461,205094,205483.9,205483.9,205483.9,4807.08,0,4807.0,0.069824,0.050781,1.083984,-12.36641,5.244275,-1.89313,-3.681547,2.682159,29.00059,True,1867.6,1.505026,1.645467,5.079636,0,False,True,True,True,True,False,False,False,False,False,500,104318,555,0,103939.04347826086
338008,338560,338561,209189,-4392,42.7461,213581,213740.7,213740.7,213740.7,5000.239,0,5000.0,0.042725,0.035889,1.05835,-11.30534,6.114504,-1.099237,-2.310391,1.942153,29.00059,True,1868.6,1.505831,1.646348,5.082356,0,False,True,True,True,True,False,False,False,False,False,500,104985,552,1,104681.46521739129
338672,339224,339225,199135,-4392,42.7461,203527,203843.2,203843.2,203843.2,4768.696,0,4768.5,0.064453,0.170898,1.094971,-12.32061,5.969466,-1.580153,-3.328495,8.870895,29.00059,True,1867.2,1.504703,1.645114,5.078548,0,False,True,True,True,True,False,False,False,False,False,500,105649,552,1,105423.88695652173
339337,339888,339889,205177,-4392,42.7461,209569,209712.2,209712.2,209712.2,4905.995,0,4906.0,0.041016,0.049072,1.0625,-11.60305,6.08397,-1.587786,-2.208331,2.644358,29.04765,True,1868.7,1.505912,1.646436,5.082628,0,False,True,True,True,True,False,False,False,False,False,500,106314,551,1,106166.30869565217
339999,340553,340554,210554,-4392,42.7461,214946,215099.2,215099.2,215099.2,5032.018,0,5032.0,0.041992,0.043213,1.06543,-11.56489,6.290076,-1.381679,-2.255195,2.322588,28.95353,True,1868.4,1.50567,1.646172,5.081812,0,False,True,True,True,True,False,False,False,False,False,500,106976,554,1,106908.7304347826
341329,341881,341882,208400,-4392,42.7461,212792,213010.7,213010.7,213010.7,4983.16,0,4983.0,0.050293,0.048828,1.062256,-11.35114,6.244275,-1.335878,-2.707809,2.631825,28.95353,True,1868.5,1.505751,1.64626,5.082084,0,False,True,True,True,True,False,False,False,False,False,500,108306,552,1,107651.15217391304
341991,342546,342546,214258,-4392,42.7461,218650,218873.8,218873.8,218873.8,5120.321,0,5120.0,0.051025,0.051514,1.079834,-11.84733,5.656488,-0.78626,-2.70231,2.731228,29.00059,True,1867.2,1.504703,1.645114,5.078548,0,False,True,True,True,True,False,False,False,False,False,500,108968,555,0,108393.57391304347
342659,343210,343211,214761,-4392,42.7461,219153,219282.5,219282.5,219282.5,5129.882,0,5130.0,0.03833,0.037109,1.068359,-11.70229,5.694656,-1.641221,-2.053507,1.98936,29.04765,True,1869.5,1.506557,1.647141,5.084804,0,False,True,True,True,True,False,False,False,False,False,500,109636,551,1,109135.99565217391
343322,343874,343875,216746,-4392,42.7461,221138,221309.3,221309.3,221309.3,5177.297,0,5177.0,0.043457,0.052246,1.057129,-11.84733,6.068702,-1.51145,-2.351149,2.8294,28.95353,True,1867.6,1.505026,1.645467,5.079636,0,False,True,True,True,True,False,False,False,False,False,500,110299,552,1,109878.41739130433
343985,344539,344540,181824,-4392,42.7461,186216,186330.0,186330.0,186330.0,4358.995,0,4359.0,0.038574,0.043701,1.055664,-11.57252,6.045802,-1.755725,-2.090877,2.370506,28.90647,True,1868.1,1.505429,1.645907,5.080996,0,False,True,True,True,True,False,False,False,False,False,500,110962,554,1,110620.83913043478
345316,345867,345868,-31600,-4392,42.7461,-27208,-27252.06,-27252.06,-27252.06,-637.5333,0,-637.0,0.063721,0.052734,1.071777,-12.1145,6.045802,3.19084,-3.398309,2.816831,29.04765,True,1867.8,1.505187,1.645643,5.08018,0,False,True,True,True,True,False,False,False,False,False,500,112293,551,1,111363.26086956522
345980,346532,346533,-15590,-4392,42.7461,-11198,-11210.83,-11210.83,-11210.83,-262.2656,0,-262.0,0.051514,0.057129,1.029785,-11.96947,5.801527,0.015267,-2.859364,3.175309,29.04765,True,1868.2,1.505509,1.645995,5.081268,0,False,True,True,True,True,False,False,False,False,False,500,112957,552,1,112105.68260869564
346643,347196,347197,21131,-4392,42.7461,25523,25566.54,25566.54,25566.54,598.1024,0,598.0,0.065186,0.06665,1.067383,-11.8397,6.282443,3.679389,-3.487954,3.573062,29.00059,True,1867.5,1.504945,1.645379,5.079364,0,False,True,True,True,True,False,False,False,False,False,500,113620,553,1,112848.10434782608
347972,348525,348526,155432,-4392,42.7461,159824,159936.3,159936.3,159936.3,3741.542,0,3741.5,0.041016,0.048584,1.047607,-11.63359,6.282443,-1.396947,-2.239673,2.655248,28.95353,True,1868.1,1.505429,1.645907,5.080996,0,False,True,True,True,True,False,False,False,False,False,500,114949,553,1,113590.52608695651
348640,349189,349190,179683,-4392,42.7461,184075,184160.1,184160.1,184160.1,4308.232,0,4308.0,0.033447,0.044922,1.053467,-11.46565,6.198473,-1.305344,-1.816859,2.441719,29.04765,True,1867.9,1.505267,1.645731,5.080452,0,False,True,True,True,True,False,False,False,False,False,500,115617,549,1,114332.94782608695
349299,349854,349855,171980,-4392,42.7461,176372,176537.4,176537.4,176537.4,4129.907,0,4130.0,0.047852,0.04541,1.058105,-11.53435,5.748092,-1.267176,-2.586985,2.457419,29.00059,True,1867.9,1.505267,1.645731,5.080452,0,False,True,True,True,True,False,False,False,False,False,500,116276,555,1,115075.36956521738
349965,350518,350519,157858,-4392,42.7461,162250,162379.2,162379.2,162379.2,3798.69,0,3798.5,0.044189,0.043945,1.060547,-11.28244,6.030534,-1.519084,-2.383895,2.372772,29.00059,True,1868.1,1.505429,1.645907,5.080996,0,False,True,True,True,True,False,False,False,False,False,500,116942,553,1,115817.79130434782
350630,351183,351183,171015,-4392,42.7461,175407,175595.5,175595.5,175595.5,4107.873,0,4108.0,0.051025,0.044189,1.053955,-11.70229,5.938931,-1.412214,-2.769275,2.400844,28.95353,True,1869.3,1.506396,1.646965,5.08426,0,False,True,True,True,True,False,False,False,False,False,500,117607,553,0,116560.21304347826
351294,351847,351848,175251,-4392,42.7461,179643,179797.7,179797.7,179797.7,4206.178,0,4206.0,0.045898,0.045166,1.059082,-11.73282,5.946565,-1.442748,-2.479272,2.441972,28.90647,True,1867.9,1.505267,1.645731,5.080452,0,False,True,True,True,True,False,False,False,False,False,500,118271,553,1,117302.63478260869
351960,352511,352512,183491,-4392,42.7461,187883,188003.0,188003.0,188003.0,4398.131,0,4398.0,0.039551,0.043457,1.060059,-11.82443,5.961832,-1.641221,-2.134918,2.347517,29.09471,True,1868.1,1.505429,1.645907,5.080996,0,False,True,True,True,True,False,False,False,False,False,500,118937,551,1,118045.05652173913
352622,353176,353177,189731,-4392,42.7461,194123,194269.5,194269.5,194269.5,4544.731,0,4545.0,0.043213,0.049805,1.064941,-11.62595,6.236641,-1.587786,-2.321118,2.677625,29.04765,True,1867.2,1.504703,1.645114,5.078548,0,False,True,True,True,True,False,False,False,False,False,500,119599,554,1,118787.47826086955
353287,353840,353841,187708,-4392,42.7461,192100,192285.8,192285.8,192285.8,4498.323,0,4498.0,0.048584,0.046875,1.057861,-11.45038,5.732824,-1.312977,-2.626973,2.537174,29.04765,True,1867.8,1.505187,1.645643,5.08018,0,False,True,True,True,True,False,False,False,False,False,500,120264,553,1,119529.9
353953,354504,354505,188999,-4392,42.7461,193391,193556.7,193556.7,193556.7,4528.056,0,4528.0,0.045898,0.055664,1.061279,-11.63359,5.923664,-1.664122,-2.472996,3.002403,29.04765,True,1868.3,1.50559,1.646084,5.08154,0,False,True,True,True,True,False,False,False,False,False,500,120930,551,1,120272.32173913042
354615,355169,355170,193122,-4392,42.7461,197514,199217.7,199217.7,199217.7,4660.489,0,4660.5,0.135986,0.069092,0.988281,-11.58015,6.251908,-1.648855,-7.815775,3.999093,28.95353,True,1868.9,1.506073,1.646612,5.083172,0,False,True,True,True,True,False,False,False,False,False,500,121592,554,1,121014.74347826086
355282,355833,355834,82643,-4392,42.7461,87035,87070.45,87070.45,87070.45,2036.921,0,2037.0,0.031738,0.054199,1.064697,-11.41985,6.053435,-1.541985,-1.705252,2.914163,29.00059,True,1867.8,1.505187,1.645643,5.08018,0,False,True,True,True,True,False,False,False,False,False,500,122259,551,1,121757.1652173913
355944,356498,356499,31651,-4392,42.7461,36043,36099.63,36099.63,36099.63,844.5128,0,844.5,0.063232,0.033203,1.080566,-10.49618,6.80916,1.244275,-3.347422,1.759999,29.04765,True,1868.2,1.505509,1.645995,5.081268,0,False,True,True,True,True,False,False,False,False,False,500,122921,554,1,122499.58695652173
356609,357162,357163,46770,-4392,42.7461,51162,52140.94,52140.94,52140.94,1219.782,0,1220.0,0.301025,0.028564,1.46875,-10.94656,29.66412,-75.29008,-11.58041,1.114153,29.00059,True,1867.4,1.504864,1.645291,5.079092,0,False,True,True,True,True,False,False,False,False,False,500,123586,553,1,123242.00869565217
357272,357826,357827,-67310,-4392,42.7461,-62918,-63553.45,-63553.45,-63553.45,-1486.766,0,-1486.0,0.163086,0.092529,1.09375,-12.44275,6.068702,-1.480916,-8.450959,4.835596,28.95353,True,1867.8,1.505187,1.645643,5.08018,0,False,True,True,True,True,False,False,False,False,False,500,124249,554,1,123984.4304347826
357939,358491,358492,-67388,-4392,42.7461,-62996,-63929.23,-63929.23,-63929.23,-1495.557,0,-1495.0,0.186279,0.049072,1.032959,-11.80916,6.007634,-1.374046,-10.2113,2.719871,28.95353,True,1867.4,1.504864,1.645291,5.079092,0,False,True,True,True,True,False,False,False,False,False,500,124916,552,1,124726.85217391304
358602,359155,359156,-67364,-4392,42.7461,-62972,-63687.6,-63687.6,-63687.6,-1489.904,0,-1489.0,0.162109,0.141357,1.018555,-13.00763,7.290076,3.305344,-8.958664,7.901156,29.00059,True,1868.1,1.505429,1.645907,5.080996,0,False,True,True,True,True,False,False,False,False,False,500,125579,553,1,125469.27391304346
359266,359819,359820,-67164,-4392,42.7461,-62772,-64963.3,-64963.3,-64963.3,-1519.748,0,-1519.0,0.290283,0.271484,1.009277,-20.9771,-4.137404,3.992366,-15.52219,15.05553,29.00059,True,1870.6,1.507443,1.64811,5.087795,0,False,True,True,True,True,False,False,False,False,False,500,126243,553,1,126211.6956521739
360597,361148,361149,-65685,-4392,42.7461,-61293,-61960.71,-61960.71,-61960.71,-1449.505,0,-1449.0,0.161133,0.041748,1.043213,-11.60305,5.923664,-1.541985,-8.773484,2.291676,29.14177,True,1866.7,1.5043,1.644674,5.077188,0,False,True,True,True,True,False,False,False,False,False,500,127574,551,1,126954.11739130435
361261,361813,361813,-67322,-4392,42.7461,-62930,-63624.0,-63624.0,-63624.0,-1488.416,0,-1488.0,0.162598,0.037842,1.046387,-11.67176,5.91603,-1.450382,-8.826833,2.071152,29.09471,True,1867.5,1.504945,1.645379,5.079364,0,False,True,True,True,True,False,False,False,False,False,500,128238,552,0,127696.53913043477
361923,362477,362478,53603,-4392,42.7461,57995,58440.39,58440.39,58440.39,1367.151,0,1367.0,0.131836,0.032959,1.017578,-11.31298,6.007634,-1.267176,-7.378194,1.855137,29.04765,True,1867.9,1.505267,1.645731,5.080452,0,False,True,True,True,True,False,False,False,False,False,500,128900,554,1,128438.96086956521
362587,363141,363142,198514,-4392,42.7461,202906,204526.2,204526.2,204526.2,4784.674,0,4784.5,0.137695,0.040527,1.041992,-11.45038,6.328244,-1.671756,-7.522164,2.22734,29.00059,True,1868.0,1.505348,1.645819,5.080724,0,False,True,True,True,True,False,False,False,False,False,500,129564,554,1,129181.38260869564
363251,363806,363807,222385,-4392,42.7461,226777,229181.9,229181.9,229181.9,5361.468,0,5361.5,0.1604,0.044922,1.05249,-11.55725,5.854962,-1.740458,-8.657466,2.443981,29.09471,True,1867.9,1.505267,1.645731,5.080452,0,False,True,True,True,True,False,False,False,False,False,500,130228,555,1,129923.80434782608
364580,365135,365135,221291,-4392,42.7461,225683,227839.5,227839.5,227839.5,5330.066,0,5330.0,0.151855,0.041992,1.050049,-11.43511,5.89313,-1.534351,-8.222422,2.290073,29.04765,True,1869.5,1.506557,1.647141,5.084804,0,False,True,True,True,True,False,False,False,False,False,500,131557,555,0,130666.2260869565
365245,365799,365800,225080,-4392,42.7461,229472,231732.2,231732.2,231732.2,5421.13,0,5421.0,0.153809,0.045166,1.047363,-11.47328,6.152672,-1.51145,-8.346684,2.469261,29.00059,True,1867.8,1.505187,1.645643,5.08018,0,False,True,True,True,True,False,False,False,False,False,500,132222,554,1,131408.64782608693
365909,366463,366464,228210,-4392,42.7461,232602,234707.1,234707.1,234707.1,5490.725,0,5491.0,0.146729,0.046143,1.04248,-11.53435,6.068702,-1.755725,-8.003965,2.534383,28.95353,True,1869.7,1.506718,1.647317,5.085348,0,False,True,True,True,True,False,False,False,False,False,500,132886,554,1,132151.0695652174
366578,367127,367128,214640,-4392,42.7461,219032,221090.7,221090.7,221090.7,5172.185,0,5172.0,0.149902,0.041748,1.045166,-11.74809,5.80916,-1.389313,-8.155519,2.287398,29.00059,True,1868.7,1.505912,1.646436,5.082628,0,False,True,True,True,True,False,False,False,False,False,500,133555,549,1,132893.49130434782
367240,367792,367793,191049,-4392,42.7461,195441,197011.6,197011.6,197011.6,4608.879,0,4609.0,0.13916,0.043945,1.049561,-11.33588,5.885496,-1.793893,-7.546183,2.39758,29.09471,True,1868.0,1.505348,1.645819,5.080724,0,False,True,True,True,True,False,False,False,False,False,500,134217,552,1,133635.91304347824
367905,368456,368457,190795,-4392,42.7461,195187,196774.5,196774.5,196774.5,4603.333,0,4603.0,0.139648,0.044922,1.046875,-11.48092,5.954198,-1.351145,-7.591223,2.457074,29.09471,True,1867.7,1.505106,1.645555,5.079908,0,False,True,True,True,True,False,False,False,False,False,500,134882,551,1,134378.3347826087
368569,369121,369121,190152,-4392,42.7461,194544,196269.9,196269.9,196269.9,4591.527,0,4591.5,0.147217,0.042725,1.056641,-11.77099,6.015267,-1.534351,-7.925282,2.315453,29.04765,True,1867.9,1.505267,1.645731,5.080452,0,False,True,True,True,True,False,False,False,False,False,500,135546,552,0,135120.75652173912
369231,369785,369786,178174,-4392,42.7461,182566,183870.0,183870.0,183870.0,4301.446,0,4301.5,0.133545,0.029785,1.069092,-11.32824,6.824428,-1.877863,-7.117435,1.595858,29.00059,True,1867.6,1.505026,1.645467,5.079636,0,False,True,True,True,True,False,False,False,False,False,500,136208,554,1,135863.17826086955
369897,370449,370450,173330,-4392,42.7461,177722,179755.2,179755.2,179755.2,4205.183,0,4205.0,0.166992,0.072754,1.053223,-12.59542,6.67939,-1.564886,-8.988362,3.951558,29.00059,True,1866.5,1.504139,1.644498,5.076644,0,False,True,True,True,True,False,False,False,False,False,500,136874,552,1,136605.59999999998
370562,371114,371115,134345,-4392,42.7461,138737,140281.1,140281.1,140281.1,3281.729,0,3282.0,0.177734,0.028564,1.138916,-11.9542,3.633588,-1.282443,-8.867029,1.436696,29.04765,True,1868.1,1.505429,1.645907,5.080996,0,False,True,True,True,True,False,False,False,False,False,500,137539,552,1,137348.02173913043
371224,371778,371779,-16855,-4392,42.7461,-12463,-12572.57,-12572.57,-12572.57,-294.122,0,-294.0,0.145264,0.035889,1.047607,-11.56489,5.80916,-1.465649,-7.889838,1.962053,29.00059,True,1866.7,1.5043,1.644674,5.077188,0,False,True,True,True,True,False,False,False,False,False,500,138201,554,1,138090.44347826086
371890,372443,372444,69103,-4392,42.7461,73495,74117.5,74117.5,74117.5,1733.901,0,1734.0,0.143555,0.040039,1.054688,-11.59542,5.862596,-1.526718,-7.745431,2.174068,28.95353,True,1868.1,1.505429,1.645907,5.080996,0,False,True,True,True,True,False,False,False,False,False,500,138867,553,1,138832.86521739129
373221,373771,373772,148306,-4392,42.7461,152698,153825.4,153825.4,153825.4,3598.582,0,3598.5,0.126221,0.012207,0.994141,-9.534351,7.198473,-1.038168,-7.235267,0.703497,29.00059,True,1868.8,1.505993,1.646524,5.0829,0,False,True,True,True,True,False,False,False,False,False,500,140198,550,1,139575.28695652174
373885,374436,374437,10991,-4392,42.7461,15383,15518.07,15518.07,15518.07,363.029,0,363.0,0.160156,0.056396,1.155029,-12.29771,5.389313,5.419848,-7.884997,2.795348,29.04765,True,1869.0,1.506154,1.6467,5.083444,0,False,True,True,True,True,False,False,False,False,False,500,140862,551,1,140317.70869565217
374546,375100,375101,78019,-4392,42.7461,82411,83087.26,83087.26,83087.26,1943.739,0,1944.0,0.140869,0.033691,1.051758,-11.48092,5.954198,-1.351145,-7.624733,1.834749,29.18882,True,1868.7,1.505912,1.646436,5.082628,0,False,True,True,True,True,False,False,False,False,False,500,141523,554,1,141060.1304347826
375213,375764,375765,159997,-4392,42.7461,164389,165726.6,165726.6,165726.6,3877.0,0,3877.0,0.13916,0.022461,1.043701,-11.36641,6.038168,-1.19084,-7.592888,1.232839,29.09471,True,1868.6,1.505831,1.646348,5.082356,0,False,True,True,True,True,False,False,False,False,False,500,142190,551,1,141802.55217391302
375876,376429,376430,114689,-4392,42.7461,119081,120083.8,120083.8,120083.8,2809.234,0,2809.0,0.143066,0.038818,1.054199,-11.60305,5.519084,-1.534351,-7.723262,2.108822,29.00059,True,1868.8,1.505993,1.646524,5.0829,0,False,True,True,True,True,False,False,False,False,False,500,142853,553,1,142544.97391304348
376542,377093,377094,166220,-4392,42.7461,170612,171630.2,171630.2,171630.2,4015.108,0,4015.0,0.119141,0.018066,1.043945,-11.43511,5.61832,-1.740458,-6.50975,0.991453,29.00059,True,1867.8,1.505187,1.645643,5.08018,0,False,True,True,True,True,False,False,False,False,False,500,143519,551,1,143287.3956521739
377870,378422,378423,175011,-4392,42.7461,179403,181021.4,181021.4,181021.4,4234.806,0,4235.0,0.147217,0.041016,1.047852,-11.61832,5.969466,-1.633588,-7.991306,2.241556,29.09471,True,1868.8,1.505993,1.646524,5.0829,0,False,True,True,True,True,False,False,False,False,False,500,144847,552,1,144029.81739130433
378535,379087,379087,190606,-4392,42.7461,194998,196641.3,196641.3,196641.3,4600.216,0,4600.0,0.140869,0.039063,1.037598,-11.54962,6.160306,-1.580153,-7.726049,2.155994,29.04765,True,1867.4,1.504864,1.645291,5.079092,0,False,True,True,True,True,False,False,False,False,False,500,145512,552,0,144772.23913043478
379196,379751,379752,191153,-4392,42.7461,195545,197150.3,197150.3,197150.3,4612.124,0,4612.0,0.139893,0.041504,1.043945,-11.48855,6.08397,-1.320611,-7.626409,2.276691,29.04765,True,1867.2,1.504703,1.645114,5.078548,0,False,True,True,True,True,False,False,False,False,False,500,146173,555,1,145514.6608695652
379863,380415,380416,191692,-4392,42.7461,196084,197637.5,197637.5,197637.5,4623.521,0,4623.5,0.136719,0.042725,1.038574,-11.76336,6.091603,-1.732824,-7.493059,2.355686,29.09471,True,1868.2,1.505509,1.645995,5.081268,0,False,True,True,True,True,False,False,False,False,False,500,146840,552,1,146257.08260869564
380526,381080,381081,191101,-4392,42.7461,195493,197055.7,197055.7,197055.7,4609.91,0,4610.0,0.139404,0.038574,1.054443,-11.61069,5.923664,-1.312977,-7.526207,2.095086,29.04765,True,1868.1,1.505429,1.645907,5.080996,0,False,True,True,True,True,False,False,False,False,False,500,147503,554,1,146999.50434782606
381192,381744,381745,190139,-4392,42.7461,194531,196096.5,196096.5,196096.5,4587.47,0,4587.5,0.138672,0.043701,1.045166,-11.62595,6.038168,-1.587786,-7.551281,2.394289,29.00059,True,1867.8,1.505187,1.645643,5.08018,0,False,True,True,True,True,False,False,False,False,False,500,148169,552,1,147741.92608695652
381855,382409,382409,190794,-4392,42.7461,195186,196785.4,196785.4,196785.4,4603.588,0,4603.5,0.140625,0.037598,1.050537,-11.59542,5.938931,-1.656489,-7.619457,2.049678,29.09471,True,1868.7,1.505912,1.646436,5.082628,0,False,True,True,True,True,False,False,False,False,False,500,148832,554,0,148484.34782608695
382521,383073,383074,191589,-4392,42.7461,195981,197452.8,197452.8,197452.8,4619.201,0,4619.0,0.13501,0.037598,1.053711,-11.65649,5.870229,-1.366412,-7.296796,2.04351,29.00059,True,1867.8,1.505187,1.645643,5.08018,0,False,True,True,True,True,False,False,False,False,False,500,149498,552,1,149226.76956521737
383183,383737,383738,192206,-4392,42.7461,196598,198282.0,198282.0,198282.0,4638.598,0,4638.5,0.144531,0.045898,1.055664,-11.54962,5.969466,-1.564886,-7.788626,2.489547,29.04765,True,1868.3,1.50559,1.646084,5.08154,0,False,True,True,True,True,False,False,False,False,False,500,150160,554,1,149969.19130434783
383848,384402,384403,192225,-4392,42.7461,196617,198306.3,198285.5,198282.0,4638.598,0,4638.5,0.143555,0.041016,1.047119,-11.87786,5.923664,-1.641221,-7.800369,2.243122,29.04765,False,1869.4,1.506476,1.647053,5.084532,0,False,True,True,True,True,False,False,False,False,False,500,150825,554,1,150711.61304347825
384512,385066,385067,199906,-4392,42.7461,204298,205912.4,205912.4,205912.4,4817.104,0,4817.0,0.137207,0.034668,1.043945,-11.69466,6.694656,-1.427481,-7.483443,1.90201,29.04765,True,1868.4,1.50567,1.646172,5.081812,0,False,True,True,True,True,False,False,False,False,False,500,151489,554,1,151454.03478260868
385179,385731,385732,181635,-4392,42.7461,186027,187791.8,187791.8,187791.8,4393.191,0,4393.0,0.151123,0.040771,1.048828,-11.64122,6.328244,-1.549618,-8.193053,2.226154,28.95353,True,1868.8,1.505993,1.646524,5.0829,0,False,True,True,True,True,False,False,False,False,False,500,152156,552,1,152196.4565217391
386510,387059,387060,192327,-4392,42.7461,196719,198258.6,198258.6,198258.6,4638.051,0,4638.0,0.136719,0.037842,1.045166,-11.46565,5.717557,-1.78626,-7.447735,2.073569,28.95353,True,1875.7,1.511553,1.652603,5.101666,0,False,True,True,True,True,False,False,False,False,False,500,153487,549,1,152938.87826086956
387170,387724,387725,191690,-4392,42.7461,196082,197743.7,197743.7,197743.7,4626.005,0,4626.0,0.14209,0.03833,1.043701,-11.74809,5.717557,-1.854962,-7.747428,2.103246,28.95353,True,1870.3,1.507201,1.647846,5.086979,0,False,True,True,True,True,False,False,False,False,False,500,154147,554,1,153681.3
387838,388388,388389,192552,-4392,42.7461,196944,198658.8,198658.8,198658.8,4647.414,0,4647.5,0.145508,0.053711,1.053711,-11.66412,5.847328,-1.40458,-7.852212,2.918013,29.04765,True,1868.2,1.505509,1.645995,5.081268,0,False,True,True,True,True,False,False,False,False,False,500,154815,550,1,154423.72173913041
388501,389053,389054,180047,-4392,42.7461,184439,186134.7,186134.7,186134.7,4354.425,0,4354.5,0.149414,0.023926,1.053955,-11.73282,5.648855,-1.580153,-8.066706,1.300442,29.00059,True,1868.6,1.505831,1.646348,5.082356,0,False,True,True,True,True,False,False,False,False,False,500,155478,552,1,155166.14347826087
389168,389717,389718,150386,-4392,42.7461,154778,156031.3,156031.3,156031.3,3650.187,0,3650.0,0.139893,0.039795,1.05127,-11.60305,6.0,-1.748092,-7.574447,2.167843,29.00059,True,1868.4,1.50567,1.646172,5.081812,0,False,True,True,True,True,False,False,False,False,False,500,156145,549,1,155908.5652173913
389828,390382,390382,137153,-4392,42.7461,141545,143038.2,143038.2,143038.2,3346.228,0,3346.0,0.156738,0.057129,1.030518,-13.73282,8.335877,-2.030534,-8.635137,3.173057,29.04765,True,1867.9,1.505267,1.645731,5.080452,0,False,True,True,True,True,False,False,False,False,False,500,156805,554,0,156650.98695652172
390494,391046,391047,26627,-4392,42.7461,31019,31271.7,31271.7,31271.7,731.5684,0,731.5,0.140381,0.039063,1.051758,-11.49618,5.778626,-1.625954,-7.59729,2.126994,29.00059,True,1867.7,1.505106,1.645555,5.079908,0,False,True,True,True,True,False,False,False,False,False,500,157471,552,1,157393.40869565215
391157,391710,391711,184121,-4392,42.7461,188513,190085.0,190085.0,190085.0,4446.838,0,4447.0,0.14209,0.048828,1.051758,-11.64122,5.725191,-1.458015,-7.685737,2.658057,29.04765,True,1868.5,1.505751,1.64626,5.082084,0,False,True,True,True,True,False,False,False,False,False,500,158134,553,1,158135.8304347826
392485,393039,393040,205186,-4392,42.7461,209578,211211.4,211211.4,211211.4,4941.068,0,4941.0,0.135986,0.037842,1.041748,-12.0229,6.145038,-1.687023,-7.432284,2.080366,29.09471,True,1867.6,1.505026,1.645467,5.079636,0,False,True,True,True,True,False,False,False,False,False,500,159462,554,1,158878.25217391303
393814,394367,394368,204182,-4392,42.7461,208574,209908.8,209908.8,209908.8,4910.594,0,4910.5,0.124268,0.04126,1.050781,-12.19847,6.068702,-1.839695,-6.73943,2.248604,29.00059,True,1868.2,1.505509,1.645995,5.081268,0,False,True,True,True,True,False,False,False,False,False,500,160791,553,1,159620.67391304346
394480,395032,395033,154447,-4392,42.7461,158839,160081.3,160081.3,160081.3,3744.932,0,3745.0,0.136475,0.037109,1.043701,-11.70229,6.099236,-1.572519,-7.445073,2.036321,28.95353,True,1869.4,1.506476,1.647053,5.084532,0,False,True,True,True,True,False,False,False,False,False,500,161457,552,1,160363.0956521739
395141,395696,395697,203982,-4392,42.7461,208374,210574.9,210574.9,210574.9,4926.178,0,4926.0,0.157715,0.033447,1.037354,-11.58779,5.969466,-1.427481,-8.640364,1.846737,29.04765,True,1867.5,1.504945,1.645379,5.079364,0,False,True,True,True,True,False,False,False,False,False,500,162118,555,1,161105.51739130434
395809,396361,396361,235433,-4392,42.7461,239825,240417.8,240417.8,240417.8,5624.32,0,5624.0,0.074463,0.072998,1.012207,-9.40458,8.648855,-0.793893,-4.196509,4.124889,29.09471,True,1867.9,1.505267,1.645731,5.080452,0,False,True,True,True,True,False,False,False,False,False,500,162786,552,0,161847.93913043477
396475,397025,397026,119338,-4392,42.7461,123730,125969.0,125969.0,125969.0,2946.911,0,2947.0,0.249512,0.101074,1.248291,-12.32061,2.251908,-1.580153,-11.26751,4.629134,29.00059,True,1873.6,1.509861,1.650753,5.095955,0,False,True,True,True,True,False,False,False,False,False,500,163452,550,1,162590.3608695652
397136,397689,397690,-58489,-4392,42.7461,-54097,-54099.25,-54099.25,-54099.25,-1265.595,0,-1265.0,0.009766,-0.003662,1.0271,-12.62595,5.435114,-1.656489,-0.544745,-0.204286,29.09471,True,1868.5,1.505751,1.64626,5.082084,0,False,True,True,True,True,False,False,False,False,False,500,164113,553,1,163332.78260869565
397802,398354,398355,-67321,-4392,42.7461,-62929,-63473.96,-63473.96,-63473.96,-1484.906,0,-1484.0,0.143311,0.031738,1.041504,-11.45802,5.625954,-1.374046,-7.83107,1.745459,29.00059,True,1867.4,1.504864,1.645291,5.079092,0,False,True,True,True,True,False,False,False,False,False,500,164779,552,1,164075.20434782607
398465,399018,399019,-67358,-4392,42.7461,-62966,-63417.2,-63417.2,-63417.2,-1483.579,0,-1483.0,0.130615,0.029297,1.043945,-11.53435,5.984733,-1.709924,-7.128819,1.607501,29.09471,True,1869.5,1.506557,1.647141,5.084804,0,False,True,True,True,True,False,False,False,False,False,500,165442,553,1,164817.6260869565
399130,399683,399684,-67393,-4392,42.7461,-63001,-63507.89,-63507.89,-63507.89,-1485.7,0,-1485.0,0.13916,0.033936,1.049316,-11.70229,5.89313,-1.526718,-7.550553,1.852331,29.09471,True,1868.6,1.505831,1.646348,5.082356,0,False,True,True,True,True,False,False,False,False,False,500,166107,553,1,165560.04782608696
399794,400347,400348,-67389,-4392,42.7461,-62997,-63472.28,-63472.28,-63472.28,-1484.867,0,-1484.0,0.134033,0.043213,1.043457,-11.58015,6.145038,-1.503817,-7.313406,2.371441,29.04765,True,1869.3,1.506396,1.646965,5.08426,0,False,True,True,True,True,False,False,False,False,False,500,166771,553,1,166302.46956521738
400459,401012,401012,-67367,-4392,42.7461,-62975,-63552.54,-63483.75,-63472.28,-1484.867,0,-1484.0,0.148926,0.041748,1.05127,-11.64122,5.938931,-1.496183,-8.056743,2.274132,29.09471,False,1869.0,1.506154,1.6467,5.083444,0,False,True,True,True,True,False,False,False,False,False,500,167436,553,0,167044.8913043478
401123,401676,401677,-67369,-4392,42.7461,-62977,-63518.01,-63490.28,-63476.77,-1484.972,0,-1484.0,0.144287,0.0354,1.052734,-11.50382,6.320611,-1.419847,-7.799925,1.92596,29.04765,False,1868.8,1.505993,1.646524,5.0829,0,False,True,True,True,True,False,False,False,False,False,500,168100,553,1,167787.31304347824
401789,402341,402341,-67387,-4392,42.7461,-62995,-63532.25,-63498.84,-63482.06,-1485.096,0,-1485.0,0.143311,0.044678,1.049072,-11.64886,6.007634,-1.694657,-7.771874,2.438625,29.09471,False,1869.1,1.506234,1.646788,5.083715,0,False,True,True,True,True,False,False,False,False,False,500,168766,552,0,168529.7347826087
402451,403005,403006,-67363,-4392,42.7461,-62971,-63487.22,-63500.98,-63488.63,-1485.25,0,-1485.0,0.140869,0.034912,1.052246,-11.45802,5.687023,-1.694657,-7.620956,1.900295,29.14177,False,1870.0,1.50696,1.647581,5.086164,0,False,True,True,True,True,False,False,False,False,False,500,169428,554,1,169272.15652173912
403118,403669,403670,-67352,-4392,42.7461,-62960,-63440.03,-63496.37,-63493.46,-1485.363,0,-1485.0,0.13501,0.045898,1.04541,-11.76336,6.038168,-1.587786,-7.351726,2.513935,28.95353,False,1868.9,1.506073,1.646612,5.083172,0,False,True,True,True,True,False,False,False,False,False,500,170095,551,1,170014.57826086954
403780,404334,404335,-67293,-4392,42.7461,-62901,-63496.79,-63499.87,-63494.6,-1485.389,0,-1485.0,0.149414,0.031738,1.038086,-11.58779,5.961832,-1.320611,-8.186668,1.751203,29.00059,False,1868.7,1.505912,1.646436,5.082628,0,False,True,True,True,True,False,False,False,False,False,500,170757,554,1,170757.0
