tBeforeMeasure,tAfterMeasure,tAfterAlgo,realValue_WU,OFFSET,calibrationFactor,relativeVal_WU,realValue_WU_AngleAdj,realValue_WU_MovAvg,realValue_WU_Filt,realValue,realValueFiltered,correctedValueFiltered,myAx,myAy,myAz,myGx,myGy,myGz,thetadeg,phideg,myTmp,bSync,vccReadBits,vccReadVolts,vccGPIO,vccVolts,ratioVCCMAX,B_DEBUG_MODE,B_SERIALPORT,BF_SERIALPORT,B_WIFI,BF_WIFI,timeNorm,timeMeasure,timeAlgo,timeTotal,timeSim
659765,660352,660353,-21836,-63467,42,41631,41631.0,41611.46,41607.95,990.6653,0,990.5,0.000225,-0.010713,0.981895,-3.312977,-0.435115,-0.503817,-0.013106,-0.625095,28.34176,False,0,0,0,0,0,False,True,False,True,True,0,587,1,588,0.0
660440,661028,661028,-21847,-63467,42,41620,41620.43,41613.75,41609.32,990.6981,0,990.5,-0.004658,-0.010713,0.977012,-3.412214,-0.473282,-0.442748,0.273156,-0.628219,28.38882,False,0,0,0,0,0,False,True,False,True,True,675,588,0,588,675.1758793969849
661115,661703,661704,-21833,-63467,42,41634,41634.03,41618.74,41611.05,990.7394,0,991.0,-0.00124,-0.01291,0.973838,-3.480916,-0.068702,-0.59542,0.072963,-0.759523,28.29471,False,0,0,0,0,0,False,True,False,True,True,1350,588,1,589,1350.3517587939698
661790,662378,662379,-21828,-63467,42,41639,41639.2,41623.63,41614.06,990.811,0,991.0,-0.003193,-0.010957,0.985557,-3.358779,-0.59542,-0.40458,0.185635,-0.636964,28.38882,False,0,0,0,0,0,False,True,False,True,True,2025,588,1,589,2025.5276381909548
662465,663053,663054,-21855,-63467,42,41612,41612.38,41622.82,41617.8,990.9001,0,991.0,-0.004414,-0.018525,0.987022,-3.709924,-0.175573,-0.694657,0.256185,-1.075255,28.38882,False,0,0,0,0,0,False,True,False,True,True,2700,588,1,589,2700.7035175879396
663140,663728,663729,-21863,-63467,42,41604,41604.18,41620.55,41619.77,990.9468,0,991.0,-0.002949,-0.014863,0.970176,-3.221374,-0.557252,-0.251908,0.174151,-0.877712,28.34176,False,0,0,0,0,0,False,True,False,True,True,3375,588,1,589,3375.8793969849244
663816,664403,664404,-21850,-63467,42,41617,41617.52,41622.56,41620.07,990.9542,0,991.0,-0.005146,-0.009004,0.986289,-3.442748,-0.503817,-0.412214,0.298955,-0.523042,28.38882,False,0,0,0,0,0,False,True,False,True,True,4051,587,1,588,4051.0552763819096
664492,665078,665079,-21836,-63467,42,41631,41631.12,41622.57,41621.05,990.9773,0,991.0,-0.002461,-0.012178,0.98043,-3.427481,-0.198473,-0.381679,0.143804,-0.711622,28.48294,False,0,0,0,0,0,False,True,False,True,True,4727,586,1,587,4726.231155778894
665166,665754,665754,-21850,-63467,42,41617,41617.1,41622.1,41621.64,990.9915,0,991.0,-0.002217,-0.007539,0.975547,-3.435115,-0.557252,-0.358779,0.130192,-0.442774,28.38882,False,0,0,0,0,0,False,True,False,True,True,5401,588,0,588,5401.407035175879
665842,666429,666429,-21835,-63467,42,41632,41632.1,41621.82,41621.82,990.9957,0,991.0,-0.002217,-0.009492,0.973594,-3.618321,-0.229008,-0.648855,0.130451,-0.558594,28.38882,False,0,0,0,0,0,False,True,False,True,True,6077,587,0,587,6076.582914572864
666516,667104,667105,-21865,-63467,42,41602,41602.58,41616.59,41621.82,990.9957,0,991.0,-0.005391,-0.021211,0.980918,-3.206107,-0.480916,-0.625954,0.314791,-1.238743,28.34176,False,0,0,0,0,0,False,True,False,True,True,6751,588,1,589,6751.758793969849
667191,667779,667780,-21832,-63467,42,41635,41637.01,41620.11,41619.77,990.947,0,991.0,-0.010029,-0.013154,0.978721,-3.267176,-0.343511,-0.572519,0.587055,-0.770024,28.43588,False,0,0,0,0,0,False,True,False,True,True,7426,588,1,589,7426.9346733668335
667867,668454,668455,-21862,-63467,42,41605,41605.0,41620.23,41619.9,990.9501,0,991.0,-0.000508,-0.013887,0.979697,-3.412214,-0.10687,-0.59542,0.029695,-0.812083,28.53,False,0,0,0,0,0,False,True,False,True,True,8102,587,1,588,8102.110552763819
668541,669129,669130,-21837,-63467,42,41630,41630.54,41622.09,41620.03,990.953,0,991.0,-0.005146,-0.011445,0.973594,-3.351145,-0.625954,-0.427481,0.302845,-0.673522,28.38882,False,0,0,0,0,0,False,True,False,True,True,8776,588,1,589,8777.286432160803
669216,669804,669805,-21843,-63467,42,41624,41624.0,41621.07,41620.84,990.9723,0,991.0,-2e-05,-0.01291,0.973838,-3.473282,-0.083969,-0.664122,0.001149,-0.759523,28.34176,False,0,0,0,0,0,False,True,False,True,True,9451,588,1,589,9452.462311557789
669892,670480,670480,-21843,-63467,42,41624,41624.48,41622.13,41620.93,990.9744,0,991.0,0.004863,-0.00876,0.970908,-3.083969,-0.419847,-0.580153,-0.28698,-0.516921,28.34176,False,0,0,0,0,0,False,True,False,True,True,10127,588,0,588,10127.638190954773
670567,671155,671156,-21839,-63467,42,41628,41628.01,41621.54,41621.39,990.9856,0,991.0,0.000713,-0.006807,0.963584,-3.587786,-0.366412,-0.541985,-0.042388,-0.404723,28.34176,False,0,0,0,0,0,False,True,False,True,True,10802,588,1,589,10802.814070351758
671242,671830,671831,-21853,-63467,42,41614,41614.0,41623.17,41621.45,990.9869,0,991.0,0.000225,-0.01584,0.983115,-3.366412,-0.328244,-0.343511,-0.013088,-0.923061,28.38882,False,0,0,0,0,0,False,True,False,True,True,11477,588,1,589,11477.989949748744
671917,672505,672506,-21837,-63467,42,41630,41630.27,41622.21,41622.12,991.0029,0,991.0,0.003643,-0.009248,0.970908,-3.374046,-0.51145,-0.030534,-0.214947,-0.545733,28.38882,False,0,0,0,0,0,False,True,False,True,True,12152,588,1,589,12153.165829145728
672593,673180,673181,-21829,-63467,42,41638,41638.14,41626.95,41622.16,991.0037,0,991.0,-0.002705,-0.016816,0.982627,-3.358779,-0.29771,-0.122137,0.157706,-0.980446,28.43588,False,0,0,0,0,0,False,True,False,True,True,12828,587,1,588,12828.341708542714
673267,673855,673856,-21862,-63467,42,41605,41605.03,41623.3,41624.03,991.0483,0,991.0,0.001201,-0.01291,0.984336,-3.206107,-0.572519,-0.183206,-0.069911,-0.751424,28.34176,False,0,0,0,0,0,False,True,False,True,True,13502,588,1,589,13503.517587939697
673943,674531,674531,-21830,-63467,42,41637,41637.17,41625.19,41623.75,991.0416,0,991.0,0.00291,-0.011201,0.972861,-3.656489,-0.183206,-0.290076,-0.171379,-0.659652,28.29471,False,0,0,0,0,0,False,True,False,True,True,14178,588,0,588,14178.693467336683
674618,675206,675206,-21848,-63467,42,41619,41619.28,41624.44,41624.31,991.055,0,991.0,-0.003682,-0.011445,0.96627,-3.259542,-0.320611,-0.19084,0.218289,-0.678626,28.43588,False,0,0,0,0,0,False,True,False,True,True,14853,588,0,588,14853.869346733667
675293,675881,675882,-21857,-63467,42,41610,41610.12,41621.88,41624.36,991.0562,0,991.0,-0.002461,-0.015107,0.981406,-3.519084,-0.374046,-0.328244,0.143655,-0.881919,28.43588,False,0,0,0,0,0,False,True,False,True,True,15528,588,1,589,15529.045226130653
675969,676556,676557,-21859,-63467,42,41608,41608.03,41621.03,41623.39,991.0331,0,991.0,0.001201,-0.014375,0.965781,-3.587786,-0.396947,-0.839695,-0.071252,-0.852744,28.38882,False,0,0,0,0,0,False,True,False,True,True,16204,587,1,588,16204.221105527638
676643,677231,677232,-21841,-63467,42,41626,41626.18,41620.45,41622.47,991.0112,0,991.0,-0.002949,-0.020723,0.971885,-3.0,-0.603053,0.053435,0.173826,-1.22148,28.34176,False,0,0,0,0,0,False,True,False,True,True,16878,588,1,589,16879.396984924624
677317,677906,677907,-21863,-63467,42,41604,41604.48,41615.64,41621.68,990.9923,0,991.0,-0.004902,-0.021699,0.978965,-3.450382,-0.122137,-0.122137,0.286846,-1.269777,28.38882,False,0,0,0,0,0,False,True,False,True,True,17552,589,1,590,17554.572864321606
677994,678581,678582,-21871,-63467,42,41596,41597.86,41614.62,41619.31,990.936,0,991.0,-0.009541,-0.01291,0.966758,-3.396947,-0.29771,-1.832061,0.565387,-0.765085,28.43588,False,0,0,0,0,0,False,True,False,True,True,18229,587,1,588,18229.748743718592
678668,679257,679257,-21867,-63467,42,41600,41600.02,41609.31,41617.47,990.8922,0,991.0,0.000957,-0.006074,0.975547,-3.458015,-0.587786,-2.48855,-0.056207,-0.356745,28.38882,False,0,0,0,0,0,False,True,False,True,True,18903,589,0,589,18904.924623115578
679344,679932,679933,-21845,-63467,42,41622,41622.44,41609.76,41614.28,990.8161,0,991.0,-0.004658,-0.013643,0.971397,-3.290076,0.480916,-0.900763,0.274725,-0.804624,28.34176,False,0,0,0,0,0,False,True,False,True,True,19579,588,1,589,19580.100502512563
680019,680607,680608,-21847,-63467,42,41620,41620.08,41611.18,41612.51,990.774,0,991.0,-0.001973,-0.017061,0.985068,-3.320611,-0.641221,-1.236641,0.114721,-0.992213,28.43588,False,0,0,0,0,0,False,True,False,True,True,20254,588,1,589,20255.276381909545
680695,681282,681283,-21839,-63467,42,41628,41629.31,41614.22,41611.99,990.7616,0,991.0,-0.008076,-0.010713,0.975303,-3.229008,-1.045802,-2.870229,0.474408,-0.62932,28.34176,False,0,0,0,0,0,False,True,False,True,True,20930,587,1,588,20930.45226130653
681369,681957,681958,-21845,-63467,42,41622,41622.17,41613.65,41612.86,990.7825,0,991.0,0.00291,-0.014131,0.975303,-3.076336,0.160305,1.931298,-0.170943,-0.830081,28.34176,False,0,0,0,0,0,False,True,False,True,True,21604,588,1,589,21605.628140703517
682046,682632,682633,-21855,-63467,42,41612,41612.59,41614.8,41613.17,990.7898,0,991.0,-0.005391,-0.016572,0.972861,-3.854962,0.580153,1.503817,0.317426,-0.975912,28.38882,False,0,0,0,0,0,False,True,False,True,True,22281,586,1,587,22280.804020100502
682719,683308,683308,-21880,-63467,42,41587,41589.74,41613.64,41613.81,990.8051,0,991.0,-0.011738,-0.007539,0.979941,-3.549618,-0.458015,0.236641,0.686266,-0.440788,28.38882,False,0,0,0,0,0,False,True,False,True,True,22954,589,0,589,22955.979899497488
683395,683983,683984,-21830,-63467,42,41637,41637.8,41619.04,41613.75,990.8035,0,991.0,0.006328,-0.012666,0.975547,-2.870229,-1.10687,0.59542,-0.371626,-0.743856,28.29471,False,0,0,0,0,0,False,True,False,True,True,23630,588,1,589,23631.15577889447
684070,684658,684659,-21851,-63467,42,41616,41616.06,41618.13,41615.82,990.8528,0,991.0,-0.001729,-0.014863,0.970664,-3.458015,-0.763359,2.183206,0.102018,-0.87727,28.34176,False,0,0,0,0,0,False,True,False,True,True,24305,588,1,589,24306.331658291456
684745,685333,685334,-21849,-63467,42,41618,41618.02,41617.84,41616.72,990.8743,0,991.0,-0.000996,-0.011445,0.983604,-3.870229,-0.251908,1.198473,0.058019,-0.666668,28.34176,False,0,0,0,0,0,False,True,False,True,True,24980,588,1,589,24981.50753768844
685420,686008,686009,-21853,-63467,42,41614,41614.02,41615.65,41617.16,990.8848,0,991.0,0.000957,-0.008027,0.98043,-3.587786,0.045802,1.183206,-0.055926,-0.469102,28.34176,False,0,0,0,0,0,False,True,False,True,True,25655,588,1,589,25656.683417085427
686096,686683,686684,-21840,-63467,42,41627,41627.03,41616.35,41616.57,990.8707,0,991.0,-0.00124,-0.017061,0.968467,-2.877863,-0.274809,0.656489,0.073362,-1.009218,28.38882,False,0,0,0,0,0,False,True,False,True,True,26331,587,1,588,26331.85929648241
686771,687358,687359,-21833,-63467,42,41634,41634.02,41619.41,41616.48,990.8687,0,991.0,-0.000996,-0.01999,0.978965,-3.59542,-0.984733,-0.977099,0.058286,-1.169801,28.43588,False,0,0,0,0,0,False,True,False,True,True,27006,587,1,588,27007.035175879395
687445,688034,688034,-21835,-63467,42,41632,41632.18,41625.47,41617.63,990.8959,0,991.0,-0.002949,-0.014863,0.977744,-3.389313,-0.717557,-0.900763,0.172803,-0.870919,28.43588,False,0,0,0,0,0,False,True,False,True,True,27680,589,0,589,27682.21105527638
688122,688709,688710,-21851,-63467,42,41616,41616.48,41622.43,41620.7,990.9691,0,991.0,-0.004902,-0.018037,0.979209,-3.030534,-0.343511,-0.89313,0.286796,-1.055271,28.34176,False,0,0,0,0,0,False,True,False,True,True,28357,587,1,588,28357.386934673366
688797,689384,689385,-21853,-63467,42,41614,41614.1,41622.14,41621.38,990.9851,0,991.0,-0.002217,-0.016084,0.968223,-3.48855,0.091603,-1.450382,0.131163,-0.9517,28.34176,False,0,0,0,0,0,False,True,False,True,True,29032,587,1,588,29032.562814070352
689471,690059,690060,-21859,-63467,42,41608,41608.62,41620.8,41621.68,990.9923,0,991.0,-0.005635,-0.008516,0.988242,-3.580153,0.038168,-2.015267,0.326673,-0.493701,28.43588,False,0,0,0,0,0,False,True,False,True,True,29706,588,1,589,29707.738693467334
690148,690734,690735,-21854,-63467,42,41613,41613.08,41620.66,41621.33,990.9841,0,991.0,-0.001973,-0.010225,0.972861,-3.244275,-0.381679,-1.587786,0.116171,-0.602145,28.38882,False,0,0,0,0,0,False,True,False,True,True,30383,586,1,587,30382.91457286432
690822,691410,691410,-21841,-63467,42,41626,41626.18,41620.54,41621.07,990.9778,0,991.0,-0.002949,-0.020479,0.976768,-2.916031,-0.458015,-1.70229,0.172958,-1.201061,28.48294,False,0,0,0,0,0,False,True,False,True,True,31057,588,0,588,31058.090452261305
691497,692085,692086,-21863,-63467,42,41604,41604.69,41616.36,41620.86,990.973,0,991.0,0.00584,-0.010469,0.971885,-3.381679,-0.51145,-0.992366,-0.344253,-0.617142,28.34176,False,0,0,0,0,0,False,True,False,True,True,31732,588,1,589,31733.26633165829
692172,692760,692761,-21817,-63467,42,41650,41650.21,41618.93,41619.1,990.9309,0,991.0,-0.003193,-0.009248,0.967246,-3.78626,0.053435,-0.656489,0.189152,-0.547799,28.38882,False,0,0,0,0,0,False,True,False,True,True,32407,588,1,589,32408.442211055277
692848,693435,693436,-21830,-63467,42,41637,41637.23,41621.9,41619.04,990.9294,0,991.0,-0.003438,-0.00998,0.978232,-3.175573,-0.366412,-0.557252,0.201325,-0.584542,28.43588,False,0,0,0,0,0,False,True,False,True,True,33083,587,1,588,33083.61809045226
693523,694110,694111,-21654,-63467,42,41813,41813.12,41650.33,41620.16,990.9561,0,991.0,0.002422,-0.003877,0.968223,-4.091603,-0.763359,2.931298,-0.143316,-0.229422,28.34176,False,0,0,0,0,0,False,True,False,True,True,33758,587,1,588,33758.79396984925
694197,694785,694786,-19619,-63467,42,43848,43854.99,43854.99,43854.99,1044.166,0,1044.0,-0.017842,-0.052461,0.956748,-5.51145,10.47328,-3.435115,1.066745,-3.138524,28.38882,True,0,0,0,0,0,False,True,False,True,True,34432,588,1,589,34433.96984924623
694874,695461,695461,-16217,-63467,42,47250,47307.32,47307.32,47307.32,1126.365,0,1126.0,0.050273,-0.092744,0.973838,-13.8397,2.496183,-18.56489,-2.941921,-5.440184,28.38882,True,0,0,0,0,0,False,True,False,True,True,35109,587,0,587,35109.14572864321
695548,696136,696137,-20214,-63467,42,43253,43539.68,43539.68,43539.68,1036.659,0,1036.5,-0.118916,-0.038789,0.987998,-9.106871,13.9771,-8.770992,6.85789,-2.248287,28.34176,True,0,0,0,0,0,False,True,False,True,True,35783,588,1,589,35784.3216080402
696223,696811,696812,10161,-63467,42,73628,73666.23,73666.23,73666.23,1753.958,0,1754.0,0.031963,-0.140107,0.940391,-13.58015,-4.80916,-11.91603,-1.925433,-8.47406,28.29471,True,0,0,0,0,0,False,True,False,True,True,36458,588,1,589,36459.497487437184
696899,697486,697487,19275,-63467,42,82742,82815.13,82815.13,82815.13,1971.789,0,1972.0,-0.043477,0.044951,0.990195,7.48855,7.770992,6.015267,2.511485,2.599224,28.43588,True,0,0,0,0,0,False,True,False,True,True,37134,587,1,588,37134.67336683417
697573,698161,698162,19675,-63467,42,83142,83298.92,83298.92,83298.92,1983.308,0,1983.0,0.062236,-0.013154,0.970664,-13.30534,-8.137404,-8.343512,-3.668283,-0.776415,28.43588,True,0,0,0,0,0,False,True,False,True,True,37808,588,1,589,37809.849246231155
698248,698837,698837,19711,-63467,42,83178,83243.73,83243.73,83243.73,1981.994,0,1982.0,-0.041279,-0.053926,0.993857,2.885496,5.580153,2.839695,2.374885,-3.105763,28.38882,True,0,0,0,0,0,False,True,False,True,True,38483,589,0,589,38485.02512562814
698924,699512,699513,19710,-63467,42,83177,83284.2,83249.51,83243.73,1981.994,0,1982.0,0.051494,0.037139,0.971397,-4.259542,-4.740458,0.870229,-3.032215,2.189475,28.38882,False,0,0,0,0,0,False,True,False,True,True,39159,588,1,589,39160.20100502513
699599,700187,700188,19682,-63467,42,83149,83166.75,83238.52,83245.99,1982.047,0,1982.0,-0.02126,-0.063203,0.984336,-6.908397,3.0,-3.312977,1.234742,-3.673847,28.38882,False,0,0,0,0,0,False,True,False,True,True,39834,588,1,589,39835.37688442211
700273,700862,700863,19684,-63467,42,83151,83183.32,83229.89,83243.06,1981.978,0,1982.0,0.028545,0.006621,0.981406,2.625954,-3.335878,3.900763,-1.665978,0.386541,28.43588,False,0,0,0,0,0,False,True,False,True,True,40508,589,1,590,40510.55276381909
700949,701537,701538,19677,-63467,42,83144,83144.76,83215.76,83237.91,1981.855,0,1982.0,-0.004414,-0.018037,0.989219,-9.572519,2.717557,-5.267176,0.255619,-1.044595,28.43588,False,0,0,0,0,0,False,True,False,True,True,41184,588,1,589,41185.728643216076
701626,702213,702213,13791,-63467,42,77258,77266.05,77266.05,77266.05,1839.668,0,1839.5,0.014873,-0.020723,0.987754,-5.496183,-2.061069,-2.328244,-0.862471,-1.201862,28.38882,True,0,0,0,0,0,False,True,False,True,True,41861,587,0,587,41860.90452261306
702300,702888,702889,12854,-63467,42,76321,76350.76,76350.76,76350.76,1817.875,0,1818.0,0.028301,-0.046357,0.97042,-1.267176,0.854962,0.648855,-1.668563,-2.734961,28.38882,True,0,0,0,0,0,False,True,False,True,True,42535,588,1,589,42536.08040201005
702975,703563,703564,15135,-63467,42,78602,78602.05,78602.05,78602.05,1871.478,0,1871.5,0.001201,0.00125,0.984824,-3.083969,-2.320611,-0.89313,-0.069882,0.072723,28.43588,True,0,0,0,0,0,False,True,False,True,True,43210,588,1,589,43211.25628140703
703650,704238,704239,19485,-63467,42,82952,82962.35,82962.35,82962.35,1975.294,0,1975.0,0.016094,-0.03293,0.976279,-4.206107,-0.412214,-2.229008,-0.943884,-1.931837,28.43588,True,0,0,0,0,0,False,True,False,True,True,43885,588,1,589,43886.43216080402
704325,704913,704914,19701,-63467,42,83168,83168.47,83168.47,83168.47,1980.202,0,1980.0,-0.003438,-0.00583,0.981162,-2.244275,0.885496,-0.48855,0.200731,-0.340447,28.43588,True,0,0,0,0,0,False,True,False,True,True,44560,588,1,589,44561.608040201005
705001,705589,705589,19275,-63467,42,82742,82790.35,82790.35,82790.35,1971.199,0,1971.0,0.034648,-0.018281,0.971397,-5.450382,1.992366,-1.679389,-2.042433,-1.078151,28.29471,True,0,0,0,0,0,False,True,False,True,True,45236,588,0,588,45236.78391959799
705676,706264,706264,19017,-63467,42,82484,82486.81,82486.81,82486.81,1963.972,0,1964.0,-0.00832,-0.014863,0.96627,-1.732824,-2.89313,-0.603053,0.493288,-0.881259,28.43588,True,0,0,0,0,0,False,True,False,True,True,45911,588,0,588,45911.959798994976
706351,706939,706940,19633,-63467,42,83100,83123.36,83123.36,83123.36,1979.128,0,1979.0,0.02415,-0.003389,0.976523,-4.343512,2.534351,-0.099237,-1.416681,-0.198823,28.38882,True,0,0,0,0,0,False,True,False,True,True,46586,588,1,589,46587.135678391955
707026,707614,707615,19701,-63467,42,83168,83168.93,83168.93,83168.93,1980.213,0,1980.0,-0.004902,-0.019502,0.991904,-3.137405,-3.160305,-1.091603,0.283118,-1.126352,28.48294,True,0,0,0,0,0,False,True,False,True,True,47261,588,1,589,47262.31155778894
707702,708289,708290,19690,-63467,42,83157,83166.99,83166.99,83166.99,1980.167,0,1980.0,0.01585,-0.010225,0.980186,-3.076336,1.900763,1.19084,-0.92634,-0.597646,28.34176,True,0,0,0,0,0,False,True,False,True,True,47937,587,1,588,47937.487437185926
708377,708964,708965,19682,-63467,42,83149,83149.77,83164.52,83166.99,1980.167,0,1980.0,0.004375,-0.010225,0.975547,-3.770992,-1.877863,-1.045802,-0.256936,-0.600488,28.43588,False,0,0,0,0,0,False,True,False,True,True,48612,587,1,588,48612.66331658291
709052,709640,709640,19701,-63467,42,83168,83174.65,83165.62,83166.02,1980.143,0,1980.0,0.01292,-0.024141,0.979209,-3.038168,0.167939,-0.427481,-0.755699,-1.412234,28.48294,False,0,0,0,0,0,False,True,False,True,True,49287,588,0,588,49287.8391959799
709728,710315,710316,19686,-63467,42,83153,83153.04,83163.63,83165.87,1980.14,0,1980.0,-0.000996,-0.00876,0.979941,-3.29771,-0.717557,-1.961832,0.058238,-0.512156,28.43588,False,0,0,0,0,0,False,True,False,True,True,49963,587,1,588,49963.01507537688
710402,710990,710991,19700,-63467,42,83167,83177.13,83165.07,83164.99,1980.119,0,1980.0,0.01585,-0.014375,0.973838,-3.656489,-0.259542,-0.320611,-0.932326,-0.84569,28.43588,False,0,0,0,0,0,False,True,False,True,True,50637,588,1,589,50638.19095477387
711078,711665,711666,19711,-63467,42,83178,83178.12,83166.66,83165.02,1980.12,0,1980.0,0.001689,-0.014375,0.970664,-2.862595,-0.78626,-0.435115,-0.099713,-0.848455,28.38882,False,0,0,0,0,0,False,True,False,True,True,51313,587,1,588,51313.366834170854
711752,712340,712341,19684,-63467,42,83151,83169.55,83167.02,83165.66,1980.135,0,1980.0,0.021465,-0.010225,0.974326,-4.152672,0.48855,-0.450382,-1.261975,-0.60124,28.34176,False,0,0,0,0,0,False,True,False,True,True,51987,588,1,589,51988.54271356784
712427,713015,713016,19681,-63467,42,83148,83148.04,83164.32,83166.2,1980.147,0,1980.0,-0.000996,-0.020967,0.976279,-2.770992,-1.931298,-0.641221,0.058445,-1.230305,28.38882,False,0,0,0,0,0,False,True,False,True,True,52662,588,1,589,52663.71859296482
713104,713691,713691,19698,-63467,42,83165,83171.05,83167.37,83165.46,1980.13,0,1980.0,0.012188,-0.013154,0.968223,-3.870229,1.389313,-0.557252,-0.721104,-0.778372,28.48294,False,0,0,0,0,0,False,True,False,True,True,53339,587,0,587,53338.894472361804
713778,714366,714367,19663,-63467,42,83130,83130.0,83160.98,83166.2,1980.148,0,1980.0,0.000225,-0.013643,0.981895,-3.091603,-1.923664,-0.832061,-0.013105,-0.796022,28.29471,False,0,0,0,0,0,False,True,False,True,True,54013,588,1,589,54014.07035175879
714453,715041,715042,19712,-63467,42,83179,83185.0,83165.55,83164.16,1980.099,0,1980.0,0.012188,-0.01584,0.972861,-3.312977,0.694657,-0.78626,-0.717637,-0.932789,28.34176,False,0,0,0,0,0,False,True,False,True,True,54688,588,1,589,54689.246231155776
715128,715716,715717,19722,-63467,42,83189,83192.43,83167.74,83164.71,1980.112,0,1980.0,0.009258,-0.008027,0.977256,-3.549618,-1.030534,-0.458015,-0.542743,-0.470625,28.38882,False,0,0,0,0,0,False,True,False,True,True,55363,588,1,589,55364.42211055276
715804,716391,716392,19689,-63467,42,83156,83158.14,83164.88,83165.9,1980.14,0,1980.0,0.007305,-0.012178,0.975547,-3.259542,-0.419847,0.519084,-0.428976,-0.715183,28.38882,False,0,0,0,0,0,False,True,False,True,True,56039,587,1,588,56039.59798994975
716479,717067,717068,19682,-63467,42,83149,83150.51,83162.16,83165.5,1980.131,0,1980.0,-0.006123,-0.015352,0.975791,-3.519084,0.045802,0.038168,0.359479,-0.901325,28.43588,False,0,0,0,0,0,False,True,False,True,True,56714,588,1,589,56714.77386934673
717154,717742,717743,19823,-63467,42,83290,83292.04,83182.73,83164.2,1980.1,0,1980.0,0.007061,-0.025361,0.967734,-3.633588,-1.229008,-1.931298,-0.417876,-1.501198,28.38882,False,0,0,0,0,0,False,True,False,True,True,57389,588,1,589,57389.94974874372
717829,718417,718418,19915,-63467,42,83382,83382.02,83212.87,83171.45,1980.273,0,1980.0,0.000713,-0.003145,0.973594,-1.412214,0.961832,-2.954198,-0.041953,-0.185054,28.38882,False,0,0,0,0,0,False,True,False,True,True,58064,588,1,589,58065.125628140704
718504,719092,719093,19783,-63467,42,83250,83250.88,83230.13,83187.66,1980.659,0,1980.5,0.004619,-0.010469,0.96749,-6.290076,-2.412214,-3.541985,-0.273532,-0.619945,28.38882,False,0,0,0,0,0,False,True,False,True,True,58739,588,1,589,58740.30150753768
719181,719767,719768,19916,-63467,42,83383,83383.12,83258.44,83204.29,1981.054,0,1981.0,0.001689,-0.035127,0.974082,-1.557252,0.618321,2.145038,-0.099309,-2.065278,28.38882,False,0,0,0,0,0,False,True,False,True,True,59416,586,1,587,59415.47738693467
719854,720443,720443,20076,-63467,42,83543,83543.41,83308.57,83225.48,1981.559,0,1981.5,0.003154,-0.005098,0.969199,-3.40458,0.076336,-0.946565,-0.186468,-0.301353,28.34176,False,0,0,0,0,0,False,True,False,True,True,60089,589,0,589,60090.653266331654
720530,721118,721119,19831,-63467,42,83298,83300.45,83328.9,83258.02,1982.334,0,1982.0,0.007793,-0.014375,0.973594,-3.381679,-1.259542,-1.061069,-0.458554,-0.845902,28.34176,False,0,0,0,0,0,False,True,False,True,True,60765,588,1,589,60765.82914572864
721205,721793,721794,19711,-63467,42,83178,83180.18,83333.14,83285.77,1982.994,0,1983.0,0.007305,-0.013154,0.967246,-2.519084,1.557252,0.167939,-0.432651,-0.779158,28.34176,False,0,0,0,0,0,False,True,False,True,True,61440,588,1,589,61441.005025125625
721880,722468,722469,19658,-63467,42,83125,83140.46,83311.49,83304.31,1983.436,0,1983.5,0.019512,-0.024385,0.969443,-4.717557,-1.167939,0.396947,-1.152653,-1.440875,28.38882,False,0,0,0,0,0,False,True,False,True,True,62115,588,1,589,62116.18090452261
722555,723143,723144,20434,-63467,42,83901,83913.55,83913.55,83913.55,1997.942,0,1998.0,0.01707,0.019805,0.946006,-8.312977,2.496183,-4.0,-1.033539,1.199312,28.38882,True,0,0,0,0,0,False,True,False,True,True,62790,588,1,589,62791.3567839196
723230,723818,723819,23803,-63467,42,87270,87279.01,87279.01,87279.01,2078.072,0,2078.0,0.014873,0.013945,0.992393,-4.038168,-4.770992,2.732824,-0.858544,0.805078,28.38882,True,0,0,0,0,0,False,True,False,True,True,63465,588,1,589,63466.53266331658
723905,724493,724494,56910,-63467,42,120377,121551.7,121551.7,121551.7,2894.088,0,2894.0,0.136699,-0.024385,0.935752,-7.167939,1.954199,0.091603,-8.308456,-1.49273,28.34176,True,0,0,0,0,0,False,True,False,True,True,64140,588,1,589,64141.70854271357
724580,725169,725170,49697,-63467,42,113164,113324.6,113324.6,113324.6,2698.205,0,2698.0,-0.05373,-0.015107,0.966514,-5.656488,3.244275,1.778626,3.181519,-0.895506,28.29471,True,0,0,0,0,0,False,True,False,True,True,64815,589,1,590,64816.884422110554
725256,725844,725845,58465,-63467,42,121932,121945.4,121945.4,121945.4,2903.462,0,2903.5,0.015117,0.001006,0.976768,-2.381679,3.167939,-4.534351,-0.886679,0.059002,28.29471,True,0,0,0,0,0,False,True,False,True,True,65491,588,1,589,65492.06030150753
725932,726519,726520,54678,-63467,42,118145,118161.2,118161.2,118161.2,2813.361,0,2813.0,0.016826,-0.024385,0.97457,-2.534351,-3.526718,-1.022901,-0.988814,-1.433298,28.34176,True,0,0,0,0,0,False,True,False,True,True,66167,587,1,588,66167.23618090453
726606,727194,727195,55653,-63467,42,119120,119120.2,119120.2,119120.2,2836.194,0,2836.0,0.001689,-0.020967,0.981162,-3.160305,1.083969,-0.992366,-0.098634,-1.224184,28.24765,True,0,0,0,0,0,False,True,False,True,True,66841,588,1,589,66842.4120603015
727283,727869,727870,55593,-63467,42,119060,119099.5,119099.5,119099.5,2835.702,0,2836.0,0.026104,-0.027559,0.971397,-3.374046,0.053435,-0.755725,-1.538668,-1.625046,28.29471,True,0,0,0,0,0,False,True,False,True,True,67518,586,1,587,67517.5879396985
727957,728545,728546,54950,-63467,42,118417,118420.9,118420.9,118420.9,2819.546,0,2819.5,0.008281,-0.030977,0.975303,-3.419847,-1.450382,1.648855,-0.486238,-1.819154,28.38882,True,0,0,0,0,0,False,True,False,True,True,68192,588,1,589,68192.76381909547
728632,729220,729221,55290,-63467,42,118757,118771.1,118771.1,118771.1,2827.884,0,2828.0,0.01585,-0.027314,0.98458,-3.396947,-0.122137,-0.40458,-0.921902,-1.589102,28.34176,True,0,0,0,0,0,False,True,False,True,True,68867,588,1,589,68867.93969849245
729307,729895,729896,55304,-63467,42,118771,118776.1,118776.1,118776.1,2828.003,0,2828.0,0.009502,-0.022432,0.978477,-3.305344,0.068702,-2.450382,-0.556232,-1.313276,28.24765,True,0,0,0,0,0,False,True,False,True,True,69542,588,1,589,69543.11557788945
729982,730570,730571,54837,-63467,42,118304,118320.1,118320.1,118320.1,2817.146,0,2817.0,0.016826,-0.029756,0.975791,-3.541985,-0.358779,0.389313,-0.987428,-1.746637,28.34176,True,0,0,0,0,0,False,True,False,True,True,70217,588,1,589,70218.29145728642
730657,731245,731246,54987,-63467,42,118454,118460.0,118460.0,118460.0,2820.477,0,2820.5,0.010234,-0.024873,0.97335,-3.221374,-1.259542,-0.732824,-0.602222,-1.463818,28.38882,True,0,0,0,0,0,False,True,False,True,True,70892,588,1,589,70893.46733668342
731332,731920,731921,55040,-63467,42,118507,118517.8,118517.8,118517.8,2821.853,0,2822.0,0.013652,-0.022676,0.968223,-3.480916,1.10687,-1.358779,-0.807618,-1.341619,28.29471,True,0,0,0,0,0,False,True,False,True,True,71567,588,1,589,71568.6432160804
732008,732596,732596,54661,-63467,42,118128,118166.0,118467.6,118517.8,2821.853,0,2822.0,0.026104,-0.021211,0.985801,-3.305344,-1.274809,0.007634,-1.516455,-1.232609,28.48294,False,0,0,0,0,0,False,True,False,True,True,72243,588,0,588,72243.81909547739
732683,733271,733272,54785,-63467,42,118252,118253.6,118429.8,118498.1,2821.385,0,2821.0,0.005352,-0.020967,0.975791,-3.40458,-0.580153,-0.748092,-0.314153,-1.230921,28.29471,False,0,0,0,0,0,False,True,False,True,True,72918,588,1,589,72918.99497487437
733358,733946,733947,54853,-63467,42,118320,118331.4,118403.2,118471.4,2820.748,0,2821.0,0.014141,-0.026094,0.9775,-3.458015,0.473282,-0.885496,-0.828492,-1.529108,28.34176,False,0,0,0,0,0,False,True,False,True,True,73593,588,1,589,73594.17085427136
734035,734621,734622,54566,-63467,42,118033,118040.1,118335.0,118444.7,2820.112,0,2820.0,0.011211,-0.025361,0.978965,-3.236641,-1.259542,-0.29771,-0.655891,-1.483984,28.34176,False,0,0,0,0,0,False,True,False,True,True,74270,586,1,587,74269.34673366834
734708,735297,735297,54583,-63467,42,118050,118051.8,118268.4,118401.7,2819.089,0,2819.0,0.005596,-0.030977,0.977744,-3.458015,-0.022901,-0.679389,-0.327739,-1.814614,28.38882,False,0,0,0,0,0,False,True,False,True,True,74943,589,0,589,74944.52261306532
735387,735972,735973,54611,-63467,42,118078,118089.2,118207.1,118349.5,2817.846,0,2818.0,0.014141,-0.019258,0.983604,-3.229008,-0.381679,-1.030534,-0.823487,-1.121639,28.29471,False,0,0,0,0,0,False,True,False,True,True,75622,585,1,586,75619.69849246231
736059,736647,736648,54467,-63467,42,117934,117935.8,118124.0,118293.8,2816.519,0,2816.5,0.005596,-0.021211,0.971397,-3.450382,-0.496183,-0.450382,-0.329968,-1.250881,28.29471,False,0,0,0,0,0,False,True,False,True,True,76294,588,1,589,76294.87437185929
736734,737322,737323,54433,-63467,42,117900,117911.5,118087.6,118227.3,2814.936,0,2815.0,0.014141,-0.029023,0.972129,-3.419847,-0.129771,-0.48855,-0.832995,-1.710085,28.38882,False,0,0,0,0,0,False,True,False,True,True,76969,588,1,589,76970.05025125628
737409,737997,737998,54410,-63467,42,117877,117891.3,118035.9,118172.6,2813.634,0,2813.5,0.01585,-0.023164,0.977012,-3.305344,-0.610687,-0.78626,-0.929138,-1.358173,28.43588,False,0,0,0,0,0,False,True,False,True,True,77644,588,1,589,77645.22613065326
738085,738673,738673,54321,-63467,42,117788,117794.8,117959.2,118119.1,2812.359,0,2812.0,0.010967,-0.025361,0.980186,-3.412214,-0.274809,-0.748092,-0.640811,-1.482137,28.43588,False,0,0,0,0,0,False,True,False,True,True,78320,588,0,588,78320.40201005025
738761,739348,739349,54263,-63467,42,117730,117732.8,117915.3,118056.5,2810.869,0,2811.0,0.007061,-0.018037,0.973594,-3.351145,-0.160305,-0.694657,-0.415432,-1.061356,28.34176,False,0,0,0,0,0,False,True,False,True,True,78996,587,1,588,78995.57788944723
739435,740023,740024,54251,-63467,42,117718,117729.3,117869.2,118001.2,2809.553,0,2809.5,0.014141,-0.020479,0.979941,-3.442748,0.458015,-0.480916,-0.826542,-1.197173,28.34176,False,0,0,0,0,0,False,True,False,True,True,79670,588,1,589,79670.75376884422
740112,740698,740699,54149,-63467,42,117616,117630.6,117803.7,117949.5,2808.322,0,2808.0,0.016094,-0.025117,0.980186,-3.091603,-0.732824,-1.312977,-0.940349,-1.467876,28.43588,False,0,0,0,0,0,False,True,False,True,True,80347,586,1,587,80345.9296482412
740786,741373,741374,54088,-63467,42,117555,117558.4,117749.8,117892.4,2806.963,0,2807.0,0.007793,-0.023408,0.977744,-3.251908,-0.305344,-0.80916,-0.456526,-1.371455,28.34176,False,0,0,0,0,0,False,True,False,True,True,81021,587,1,588,81021.10552763818
741461,742049,742049,54056,-63467,42,117523,117526.5,117694.8,117836.6,2805.633,0,2805.5,0.007793,-0.024385,0.969932,-3.419847,-0.21374,-0.061069,-0.46019,-1.44015,28.34176,False,0,0,0,0,0,False,True,False,True,True,81696,588,0,588,81696.28140703517
742137,742724,742724,54025,-63467,42,117492,117500.4,117639.0,117781.1,2804.312,0,2804.0,0.012188,-0.029756,0.976035,-3.381679,-0.59542,-0.496183,-0.715067,-1.746201,28.38882,False,0,0,0,0,0,False,True,False,True,True,82372,587,0,587,82371.45728643215
742811,743399,743400,53962,-63467,42,117429,117437.1,117587.9,117725.5,2802.987,0,2803.0,0.011943,-0.025361,0.975547,-3.236641,-0.458015,-0.885496,-0.701183,-1.489182,28.29471,False,0,0,0,0,0,False,True,False,True,True,83046,588,1,589,83046.63316582915
743486,744074,744075,53931,-63467,42,117398,117399.2,117540.2,117671.6,2801.705,0,2802.0,0.004619,-0.042451,0.967734,-3.152672,0.740458,-1.40458,-0.273216,-2.511752,28.34176,False,0,0,0,0,0,False,True,False,True,True,83721,588,1,589,83721.80904522612
744162,744749,744750,53502,-63467,42,116969,117131.5,117131.5,117131.5,2788.844,0,2789.0,0.053691,-0.011689,0.976279,-4.648855,6.389313,-11.34351,-3.147632,-0.685995,28.38882,True,0,0,0,0,0,False,True,False,True,True,84397,587,1,588,84396.98492462312
744836,745424,745425,52240,-63467,42,115707,115757.9,115757.9,115757.9,2756.14,0,2756.0,0.030498,-0.020967,0.985801,-2.89313,-1.694657,-4.450382,-1.771609,-1.218426,28.29471,True,0,0,0,0,0,False,True,False,True,True,85071,588,1,589,85072.1608040201
745511,746099,746100,52264,-63467,42,115731,115887.3,115887.3,115887.3,2759.222,0,2759.0,0.052471,-0.024873,0.967246,-3.40458,-0.007634,1.51145,-3.104079,-1.473051,28.34176,True,0,0,0,0,0,False,True,False,True,True,85746,588,1,589,85747.33668341709
746187,746775,746775,51942,-63467,42,115409,115523.6,115523.6,115523.6,2750.563,0,2750.5,0.045635,-0.021211,0.981162,-2.610687,-1.015267,-3.374046,-2.662334,-1.238435,28.34176,True,0,0,0,0,0,False,True,False,True,True,86422,588,0,588,86422.51256281407
746863,747450,747451,52209,-63467,42,115676,115800.0,115563.1,115523.6,2750.563,0,2750.5,0.047344,-0.030732,0.979697,-2.198473,1.083969,2.732824,-2.765295,-1.796735,28.34176,False,0,0,0,0,0,False,True,False,True,True,87098,587,1,588,87097.68844221105
747537,748125,748126,52012,-63467,42,115479,115522.5,115562.9,115539.1,2750.931,0,2751.0,0.028301,0.020293,0.988486,-2.557252,-3.076336,6.992366,-1.639605,1.176076,28.34176,False,0,0,0,0,0,False,True,False,True,True,87772,588,1,589,87772.86432160804
748213,748800,748801,52869,-63467,42,116336,116957.6,116957.6,116957.6,2784.705,0,2785.0,0.104229,-0.019258,0.965293,-1.916031,-0.320611,12.50382,-6.161464,-1.142909,28.43588,True,0,0,0,0,0,False,True,False,True,True,88448,587,1,588,88448.04020100502
748887,749475,749476,53445,-63467,42,116912,116947.2,116947.2,116947.2,2784.456,0,2784.5,-0.024922,-0.010469,0.974082,-2.503817,-0.946565,14.92366,1.465504,-0.61575,28.38882,True,0,0,0,0,0,False,True,False,True,True,89122,588,1,589,89123.21608040201
749562,750150,750151,53256,-63467,42,116723,116894.5,116894.5,116894.5,2783.203,0,2783.0,0.054912,-0.028779,0.97042,-3.885496,4.59542,14.19847,-3.237253,-1.698693,28.34176,True,0,0,0,0,0,False,True,False,True,True,89797,588,1,589,89798.39195979899
750238,750826,750826,52846,-63467,42,116313,116339.2,116339.2,116339.2,2769.98,0,2770.0,-0.021748,-0.03,0.982627,-2.618321,-6.557252,6.984733,1.267302,-1.748716,28.43588,True,0,0,0,0,0,False,True,False,True,True,90473,588,0,588,90473.56783919598
750912,751501,751502,53263,-63467,42,116730,116730.3,116395.0,116339.2,2769.98,0,2770.0,0.002422,-0.026338,0.979453,-4.519084,5.312977,-2.343511,-0.141622,-1.540332,28.43588,False,0,0,0,0,0,False,True,False,True,True,91147,589,1,590,91148.74371859296
751588,752176,752177,53113,-63467,42,116580,116599.4,116432.2,116361.0,2770.501,0,2770.5,0.018535,-0.033906,0.973594,-3.061069,-4.389313,-4.114504,-1.089995,-1.994565,28.43588,False,0,0,0,0,0,False,True,False,True,True,91823,588,1,589,91823.91959798995
752264,752851,752852,52851,-63467,42,116318,116318.6,116429.3,116388.9,2771.164,0,2771.0,-0.003193,-0.024385,0.976523,-3.70229,1.328244,-2.572519,0.187305,-1.430432,28.43588,False,0,0,0,0,0,False,True,False,True,True,92499,587,1,588,92499.09547738693
752939,753527,753527,53178,-63467,42,116645,116701.9,116481.1,116404.7,2771.54,0,2771.5,0.031475,-0.029756,0.965537,-3.396947,-0.603053,-1.076336,-1.866179,-1.765175,28.48294,False,0,0,0,0,0,False,True,False,True,True,93174,588,0,588,93174.27135678391
753614,754202,754203,52989,-63467,42,116456,116457.5,116498.0,116434.6,2772.252,0,2772.0,-0.005146,-0.020967,0.985313,-3.389313,-0.534351,-0.396947,0.299196,-1.219029,28.34176,False,0,0,0,0,0,False,True,False,True,True,93849,588,1,589,93849.4472361809
754289,754877,754878,52881,-63467,42,116348,116388.0,116504.9,116459.4,2772.843,0,2773.0,0.026348,-0.034639,0.962607,-3.473282,0.221374,0.580153,-1.566842,-2.06085,28.43588,False,0,0,0,0,0,False,True,False,True,True,94524,588,1,589,94524.62311557788
754964,755552,755553,53001,-63467,42,116468,116468.3,116523.4,116477.2,2773.268,0,2773.0,0.002178,-0.020723,0.972617,-3.160305,-1.725191,-1.633588,-0.128258,-1.220561,28.34176,False,0,0,0,0,0,False,True,False,True,True,95199,588,1,589,95199.79899497487
755639,756227,756228,52945,-63467,42,116412,116429.1,116480.4,116495.3,2773.698,0,2773.5,0.017314,-0.028047,0.96749,-3.687023,1.229008,-0.687023,-1.024838,-1.660496,28.29471,False,0,0,0,0,0,False,True,False,True,True,95874,588,1,589,95874.97487437185
756316,756903,756903,52838,-63467,42,116305,116337.9,116443.0,116489.5,2773.558,0,2773.5,0.02415,-0.027559,0.973106,-3.396947,-0.167939,-0.114504,-1.421094,-1.622194,28.34176,False,0,0,0,0,0,False,True,False,True,True,96551,587,0,587,96550.15075376884
756990,757578,757579,52543,-63467,42,116010,116073.3,116408.0,116471.3,2773.125,0,2773.0,0.033672,-0.051973,0.975547,-3.381679,-1.641221,-47.48092,-1.974029,-3.049566,28.38882,False,0,0,0,0,0,False,True,False,True,True,97225,588,1,589,97225.32663316582
757665,758253,758254,56178,-63467,42,119645,120601.4,120601.4,120601.4,2871.462,0,2871.5,0.129619,-0.017793,0.980918,-2.137405,-3.534351,26.70992,-7.526249,-1.039177,28.24765,True,0,0,0,0,0,False,True,False,True,True,97900,588,1,589,97900.50251256282
758341,758928,758929,59872,-63467,42,123339,123642.4,123642.4,123642.4,2943.868,0,2944.0,0.071025,0.023467,0.969932,-6.251908,-5.244275,18.96947,-4.186904,1.385957,28.43588,True,0,0,0,0,0,False,True,False,True,True,98576,587,1,588,98575.6783919598
759015,759603,759604,58105,-63467,42,121572,121597.2,121597.2,121597.2,2895.172,0,2895.0,0.020488,-0.005342,0.963828,-4.236641,-2.603053,10.49618,-1.217743,-0.317545,28.34176,True,0,0,0,0,0,False,True,False,True,True,99250,588,1,589,99250.85427135677
759691,760279,760279,53624,-63467,42,117091,117092.5,117092.5,117092.5,2787.916,0,2788.0,0.005107,-0.008271,0.976035,-4.671756,6.282443,-0.045802,-0.299805,-0.485545,28.48294,True,0,0,0,0,0,False,True,False,True,True,99926,588,0,588,99926.03015075377
760366,760954,760955,52953,-63467,42,116420,116599.1,116599.1,116599.1,2776.168,0,2776.0,0.056133,-0.021699,0.969688,-3.770992,-3.29771,6.374046,-3.312179,-1.281922,28.43588,True,0,0,0,0,0,False,True,False,True,True,100601,588,1,589,100601.20603015074
761041,761629,761630,54382,-63467,42,117849,117859.1,117859.1,117859.1,2806.17,0,2806.0,-0.013447,-0.015107,0.982139,-1.274809,-3.755725,1.496183,0.78434,-0.881262,28.38882,True,0,0,0,0,0,False,True,False,True,True,101276,588,1,589,101276.38190954774
761716,762304,762305,54033,-63467,42,117500,117519.6,117519.6,117519.6,2798.085,0,2798.0,0.018535,-0.023408,0.973594,-5.78626,6.366412,-8.129771,-1.09034,-1.377299,28.34176,True,0,0,0,0,0,False,True,False,True,True,101951,588,1,589,101951.55778894472
762392,762979,762980,53700,-63467,42,117167,117252.5,117252.5,117252.5,2791.725,0,2792.0,0.039287,-0.037324,0.985313,-3.503817,-3.0,-0.236641,-2.28169,-2.169356,28.43588,True,0,0,0,0,0,False,True,False,True,True,102627,587,1,588,102626.73366834171
763067,763655,763655,52966,-63467,42,116433,116433.1,116433.1,116433.1,2772.216,0,2772.0,0.000957,-0.031709,0.971152,-1.938931,-3.137405,2.80916,-0.056432,-1.870089,28.38882,True,0,0,0,0,0,False,True,False,True,True,103302,588,0,588,103301.90954773869
763742,764330,764331,53893,-63467,42,117360,117362.5,117362.5,117362.5,2794.344,0,2794.0,0.006572,-0.039277,0.973838,-4.770992,2.244275,-4.305344,-0.386359,-2.309626,28.34176,True,0,0,0,0,0,False,True,False,True,True,103977,588,1,589,103977.08542713568
764418,765005,765006,53762,-63467,42,117229,117260.2,117260.2,117260.2,2791.91,0,2792.0,0.023418,-0.042695,0.972129,-3.145038,1.603053,-1.725191,-1.37862,-2.514774,28.38882,True,0,0,0,0,0,False,True,False,True,True,104653,587,1,588,104652.26130653266
765092,765680,765681,52078,-63467,42,115545,115563.1,115563.1,115563.1,2751.501,0,2751.5,0.018047,-0.030977,0.977988,-1.755725,-5.435114,4.0,-1.05663,-1.814162,28.38882,True,0,0,0,0,0,False,True,False,True,True,105327,588,1,589,105327.43718592964
765767,766356,766356,53778,-63467,42,117245,117254.8,117254.8,117254.8,2791.781,0,2792.0,-0.013203,-0.024873,0.979453,-4.458015,1.40458,-3.427481,0.772055,-1.454701,28.43588,True,0,0,0,0,0,False,True,False,True,True,106002,589,0,589,106002.61306532663
766444,767031,767032,53586,-63467,42,117053,117124.4,117124.4,117124.4,2788.676,0,2788.5,0.035381,-0.036104,0.97042,-3.633588,2.587786,-3.618321,-2.086594,-2.130645,28.43588,True,0,0,0,0,0,False,True,False,True,True,106679,587,1,588,106677.78894472361
767118,767706,767707,51882,-63467,42,115349,115357.8,115357.8,115357.8,2746.615,0,2746.5,0.012676,-0.029268,0.981895,-2.80916,-5.007634,3.137405,-0.73929,-1.70732,28.38882,True,0,0,0,0,0,False,True,False,True,True,107353,588,1,589,107352.9648241206
767793,768381,768382,53503,-63467,42,116970,116972.1,116972.1,116972.1,2785.051,0,2785.0,-0.006123,-0.037568,0.973594,-3.870229,0.664122,-2.206107,0.360066,-2.209788,28.34176,True,0,0,0,0,0,False,True,False,True,True,108028,588,1,589,108028.14070351758
768469,769056,769057,53290,-63467,42,116757,116776.4,116776.4,116776.4,2780.391,0,2780.0,0.018535,-0.041475,0.973594,-3.526718,2.267176,-3.419847,-1.089668,-2.439291,28.38882,True,0,0,0,0,0,False,True,False,True,True,108704,587,1,588,108703.31658291457
769144,769732,769732,51968,-63467,42,115435,115473.5,115473.5,115473.5,2749.368,0,2749.0,0.026348,-0.037324,0.977744,-3.206107,-2.442748,4.450382,-1.542472,-2.186132,28.24765,True,0,0,0,0,0,False,True,False,True,True,109379,588,0,588,109378.49246231155
769819,770407,770408,53084,-63467,42,116551,116555.4,116555.4,116555.4,2775.128,0,2775.0,-0.008809,-0.029268,0.972373,-2.450382,-2.015267,3.801527,0.518784,-1.724028,28.24765,True,0,0,0,0,0,False,True,False,True,True,110054,588,1,589,110053.66834170854
770494,771082,771082,53075,-63467,42,116542,116544.3,116544.3,116544.3,2774.863,0,2775.0,0.006328,-0.03293,0.975059,-4.305344,4.435114,-1.534351,-0.371631,-1.934254,28.38882,True,0,0,0,0,0,False,True,False,True,True,110729,588,0,588,110728.84422110552
771170,771757,771758,52208,-63467,42,115675,115757.9,115757.9,115757.9,2756.14,0,2756.0,0.038311,-0.036836,0.969443,-2.954198,-2.839695,2.793893,-2.261406,-2.176016,28.29471,True,0,0,0,0,0,False,True,False,True,True,111405,587,1,588,111404.0201005025
771844,772432,772433,53580,-63467,42,117047,117053.2,117053.2,117053.2,2786.981,0,2787.0,-0.010518,-0.018037,0.977744,-1.763359,-0.832061,-0.129771,0.6162,-1.056852,28.34176,True,0,0,0,0,0,False,True,False,True,True,112079,588,1,589,112079.1959798995
772521,773107,773108,51640,-63467,42,115107,115147.2,115147.2,115147.2,2741.599,0,2741.5,0.026836,-0.034639,0.97335,-3.251908,1.557252,0.068702,-1.578283,-2.038125,28.43588,True,0,0,0,0,0,False,True,False,True,True,112756,586,1,587,112754.37185929647
773194,773782,773783,51657,-63467,42,115124,115441.3,115441.3,115441.3,2748.601,0,2748.5,0.075664,0.005889,0.976523,-1.648855,-1.557252,2.206107,-4.430511,0.345502,28.38882,True,0,0,0,0,0,False,True,False,True,True,113429,588,1,589,113429.54773869347
773869,774457,774458,61525,-63467,42,124992,125140.5,125140.5,125140.5,2979.535,0,2979.5,0.04832,-0.071504,0.947471,-3.328244,-1.412214,1.0,-2.911242,-4.315818,28.29471,True,0,0,0,0,0,False,True,False,True,True,114104,588,1,589,114104.72361809044
774545,775133,775133,69966,-63467,42,133433,133436.6,133436.6,133436.6,3177.061,0,3177.0,0.007549,-0.025361,0.989219,-6.885496,7.21374,-3.183206,-0.437077,-1.468609,28.53,True,0,0,0,0,0,False,True,False,True,True,114780,588,0,588,114779.89949748744
775219,775808,775809,59265,-63467,42,122732,122735.5,122735.5,122735.5,2922.273,0,2922.0,-0.007832,0.007598,0.997275,0.946565,-6.67939,9.244275,0.449945,0.436494,28.38882,True,0,0,0,0,0,False,True,False,True,True,115454,589,1,590,115455.07537688442
775895,776483,776484,86543,-63467,42,150010,150115.9,150115.9,150115.9,3574.189,0,3574.0,0.038311,-0.028779,0.976768,-7.541985,2.389313,-4.801527,-2.245112,-1.68766,28.29471,True,0,0,0,0,0,False,True,False,True,True,116130,588,1,589,116130.25125628141
776570,777158,777159,95607,-63467,42,159074,159137.2,159137.2,159137.2,3788.98,0,3789.0,0.028545,-0.048799,0.969932,-4.267176,-3.374046,0.083969,-1.683586,-2.880208,28.24765,True,0,0,0,0,0,False,True,False,True,True,116805,588,1,589,116805.42713567839
777245,777833,777834,94959,-63467,42,158426,158429.0,158429.0,158429.0,3772.12,0,3772.0,-0.006367,-0.031953,0.982871,-4.183206,0.015267,-2.015267,0.370969,-1.862025,28.43588,True,0,0,0,0,0,False,True,False,True,True,117480,588,1,589,117480.60301507536
777920,778508,778509,95132,-63467,42,158599,158668.3,158668.3,158668.3,3777.816,0,3778.0,0.03001,-0.039766,0.972617,-3.70229,-0.183206,-1.221374,-1.765802,-2.341239,28.34176,True,0,0,0,0,0,False,True,False,True,True,118155,588,1,589,118155.77889447236
778596,779183,779184,95016,-63467,42,158483,158488.5,158488.5,158488.5,3773.536,0,3773.5,0.008525,-0.034395,0.977744,-3.229008,-1.076336,-1.160305,-0.499265,-2.014683,28.38882,True,0,0,0,0,0,False,True,False,True,True,118831,587,1,588,118830.95477386934
779272,779859,779859,94638,-63467,42,158105,158129.4,158437.2,158488.5,3773.536,0,3773.5,0.017803,-0.030244,0.971152,-3.549618,0.946565,-0.038168,-1.049692,-1.783755,28.38882,False,0,0,0,0,0,False,True,False,True,True,119507,587,0,587,119506.13065326633
779946,780534,780535,95902,-63467,42,159369,159466.0,159466.0,159466.0,3796.808,0,3797.0,0.035869,-0.029268,0.985313,-5.770992,-3.519084,-1.51145,-2.083941,-1.701401,28.38882,True,0,0,0,0,0,False,True,False,True,True,120181,588,1,589,120181.30653266331
780623,781209,781210,100259,-63467,42,163726,163768.6,163768.6,163768.6,3899.253,0,3899.0,0.023662,0.013457,0.994102,0.061069,1.312977,2.992366,-1.363398,0.775557,28.24765,True,0,0,0,0,0,False,True,False,True,True,120858,586,1,587,120856.4824120603
781296,781884,781885,96947,-63467,42,160414,160436.0,160436.0,160436.0,3819.906,0,3820.0,0.016826,-0.024629,0.973106,-2.19084,1.526718,2.320611,-0.990295,-1.44982,28.43588,True,0,0,0,0,0,False,True,False,True,True,121531,588,1,589,121531.65829145728
781971,782559,782560,96894,-63467,42,160361,160418.2,160418.2,160418.2,3819.481,0,3819.5,0.02708,-0.023652,0.971641,-2.519084,-0.572519,2.274809,-1.595971,-1.394455,28.34176,True,0,0,0,0,0,False,True,False,True,True,122206,588,1,589,122206.83417085427
782647,783235,783235,96920,-63467,42,160387,160398.4,160398.4,160398.4,3819.009,0,3819.0,0.012188,-0.028047,0.98165,-3.076336,-0.030534,-1.442748,-0.711017,-1.636557,28.38882,True,0,0,0,0,0,False,True,False,True,True,122882,588,0,588,122882.01005025125
783322,783910,783911,96677,-63467,42,160144,160203.0,160370.5,160398.4,3819.009,0,3819.0,0.027568,-0.033174,0.972861,-3.129771,0.381679,-0.526718,-1.622233,-1.952981,28.29471,False,0,0,0,0,0,False,True,False,True,True,123557,588,1,589,123557.18592964823
783998,784585,784586,96425,-63467,42,159892,159930.6,160303.6,160387.4,3818.749,0,3819.0,0.022441,-0.03708,0.978965,-2.755725,-1.045802,0.564886,-1.312252,-2.16914,28.20059,False,0,0,0,0,0,False,True,False,True,True,124233,587,1,588,124232.36180904522
784672,785260,785261,96501,-63467,42,159968,159977.5,160243.5,160354.6,3817.967,0,3818.0,0.011211,-0.030244,0.985313,-3.480916,0.030534,-0.717557,-0.651578,-1.758136,28.34176,False,0,0,0,0,0,False,True,False,True,True,124907,588,1,589,124907.5376884422
785349,785935,785936,96380,-63467,42,159847,159893.2,160171.3,160311.1,3816.931,0,3817.0,0.024639,-0.036592,0.981406,-3.435115,-0.10687,-0.89313,-1.437134,-2.135283,28.34176,False,0,0,0,0,0,False,True,False,True,True,125584,586,1,587,125582.7135678392
786023,786611,786611,96163,-63467,42,159630,159640.9,160063.1,160256.4,3815.628,0,3815.5,0.011943,-0.033418,0.978477,-3.152672,-0.908397,-0.091603,-0.698913,-1.956061,28.43588,False,0,0,0,0,0,False,True,False,True,True,126258,588,0,588,126257.88944723617
786698,787286,787287,96210,-63467,42,159677,159692.0,159962.2,160180.7,3813.827,0,3814.0,0.013896,-0.032441,0.969932,-3.557252,0.007634,-0.564886,-0.820376,-1.915659,28.29471,False,0,0,0,0,0,False,True,False,True,True,126933,588,1,589,126933.06532663316
787373,787961,787962,96097,-63467,42,159564,159592.5,159847.1,160095.2,3811.79,0,3812.0,0.019268,-0.035859,0.977012,-3.412214,-0.381679,-0.961832,-1.129017,-2.101985,28.34176,False,0,0,0,0,0,False,True,False,True,True,127608,588,1,589,127608.24120603014
788048,788636,788637,95941,-63467,42,159408,159433.6,159737.2,159998.0,3809.477,0,3809.5,0.018291,-0.033662,0.977256,-3.366412,-0.541985,-0.335878,-1.071625,-1.9728,28.29471,False,0,0,0,0,0,False,True,False,True,True,128283,588,1,589,128283.41708542714
788723,789311,789312,95913,-63467,42,159380,159419.6,159664.2,159895.9,3807.045,0,3807.0,0.022441,-0.032686,0.964316,-3.381679,-0.267176,-0.580153,-1.332369,-1.941295,28.34176,False,0,0,0,0,0,False,True,False,True,True,128958,588,1,589,128958.59296482411
789399,789987,789987,95842,-63467,42,159309,159316.0,159569.7,159805.2,3804.885,0,3805.0,0.009502,-0.034395,0.969688,-3.167939,-0.51145,-0.381679,-0.561068,-2.031408,28.34176,False,0,0,0,0,0,False,True,False,True,True,129634,588,0,588,129633.76884422111
790074,790662,790662,95725,-63467,42,159192,159221.1,159473.7,159713.0,3802.69,0,3802.5,0.019512,-0.038545,0.977256,-3.40458,-0.366412,-0.603053,-1.142914,-2.258684,28.24765,False,0,0,0,0,0,False,True,False,True,True,130309,588,0,588,130308.94472361809
790749,791337,791338,95665,-63467,42,159132,159156.5,159404.5,159619.3,3800.459,0,3800.5,0.017803,-0.032197,0.971885,-3.358779,-0.167939,-0.633588,-1.048834,-1.897436,28.43588,False,0,0,0,0,0,False,True,False,True,True,130984,588,1,589,130984.12060301506
791425,792012,792013,95582,-63467,42,159049,159058.8,159314.0,159535.2,3798.457,0,3798.5,0.011211,-0.04001,0.970176,-3.366412,-0.610687,-0.549618,-0.661492,-2.361518,28.29471,False,0,0,0,0,0,False,True,False,True,True,131660,587,1,588,131659.29648241206
792100,792687,792688,95495,-63467,42,158962,158973.0,159225.5,159448.6,3796.395,0,3796.0,0.011943,-0.038301,0.971397,-3.274809,-0.381679,-0.839695,-0.70387,-2.257916,28.38882,False,0,0,0,0,0,False,True,False,True,True,132335,587,1,588,132334.47236180905
792774,793362,793363,95432,-63467,42,158899,158933.5,159154.0,159361.3,3794.315,0,3794.0,0.021221,-0.035371,0.975303,-3.29771,-0.343511,-0.839695,-1.245627,-2.077019,28.24765,False,0,0,0,0,0,False,True,False,True,True,133009,588,1,589,133009.648241206
793450,794037,794038,95362,-63467,42,158829,158854.5,159073.3,159280.1,3792.384,0,3792.0,0.018291,-0.031709,0.978232,-3.328244,-0.534351,-0.59542,-1.070628,-1.856564,28.34176,False,0,0,0,0,0,False,True,False,True,True,133685,587,1,588,133684.824120603
794125,794712,794713,95265,-63467,42,158732,158761.8,158994.2,159199.2,3790.456,0,3790.5,0.019756,-0.038057,0.976279,-3.259542,-0.160305,-0.503817,-1.158389,-2.232329,28.34176,False,0,0,0,0,0,False,True,False,True,True,134360,587,1,588,134360.0
